# stent gain parameter reference 0.02
   1   0.000000000   0.016837436  167618.7  303223.5  -0.006030233
   2   0.001262352   0.016831437  167436.9  302890.7  -0.000681416
   3   0.002523835   0.016813451  166940.2  302047.8  -0.001316519
   4   0.003783826   0.016783713  166102.4  300700.6  -0.002457881
   5   0.005039664   0.016741138  164859.3  298650.9   0.000097086
   6   0.007543716   0.016621165  161433.0  292994.4  -0.003995093
   7   0.010024834   0.016458784  156927.8  285832.3  -0.004173249
   8   0.012477179   0.016254981  151345.0  277090.6  -0.004879507
   9   0.014892367   0.016013634  144793.6  266870.0  -0.003013876
  10   0.018437952   0.015598211  133973.0  249957.8  -0.004782256
  11   0.021876288   0.015141240  122808.4  232299.8  -0.004079975
  12   0.025205252   0.014665018  111942.5  214577.8  -0.003839111
  13   0.028429557   0.014191777  101864.7  197708.1  -0.003134036
  14   0.030524793   0.013887321   95803.1  187205.8  -0.003662496
  15   0.032581887   0.013596773   90306.4  177436.1  -0.002258035
  16   0.033597481   0.013457881   87791.1  172872.6  -0.003392367
  17   0.034604933   0.013324318   85468.2  168536.3  -0.003002944
  18   0.035605026   0.013195666   83287.6  164419.8  -0.002690130
  19   0.036598734   0.013072818   81289.1  160552.2  -0.003894676
  20   0.038567102   0.012843545   77705.8  153479.9  -0.002290548
  21   0.040513711   0.012635014   74556.6  147189.9  -0.002277316
  22   0.042441493   0.012448268   71871.0  141675.4  -0.001622574
  23   0.044355013   0.012285999   69718.2  137028.9  -0.004942076
  24   0.049087593   0.011964997   65730.1  128048.0  -0.001048497
  25   0.053769228   0.011738595   62985.7  121720.8  -0.001160439
  26   0.058420145   0.011591808   61297.4  117603.2  -0.000808120
  27   0.063054095   0.011500885   60304.0  115035.2  -0.000544399
  28   0.067679022   0.011446926   59737.3  113491.1  -0.000345529
  29   0.072299356   0.011416070   59423.4  112593.6  -0.000209121
  30   0.076917448   0.011398997   59254.3  112088.1  -0.000121419
  31   0.081534491   0.011389834   59165.7  111811.7  -0.000067881
  32   0.086151066   0.011385062   59120.4  111665.1  -0.000036450
  33   0.090767440   0.011382675   59098.2  111590.6  -0.000018346
  34   0.095383734   0.011381587   59088.2  111556.1  -0.000007570
  35   0.100000000   0.011381277   59084.9  111544.3  -0.000060210
# stent gain parameter 0.01
   1   0.000000000   0.019960501  262736.8  506112.0  -0.007599920
   2   0.001445460   0.019952897  262393.3  505437.7  -0.000736528
   3   0.002889722   0.019930131  261526.5  503884.7  -0.001526558
   4   0.004331715   0.019892443  260089.9  501388.7  -0.002685103
   5   0.005768385   0.019838567  257945.4  497641.3   0.000611722
   6   0.008629729   0.019687073  252025.0  487343.1  -0.004484536
   7   0.011459444   0.019481483  244219.8  474041.1  -0.004577527
   8   0.014249429   0.019222734  234580.4  457776.8  -0.005389254
   9   0.016988837   0.018915136  223221.5  438476.3  -0.003051892
  10   0.020993342   0.018380613  204369.9  406228.4  -0.005714404
  11   0.024850493   0.017780589  184585.1  371998.2  -0.005073709
  12   0.028552163   0.017136866  164705.5  336755.9  -0.004974230
  13   0.032096880   0.016473177  145560.1  302600.8  -0.005176363
  14   0.034370833   0.016029946  133554.5  280788.4  -0.005046348
  15   0.036579301   0.015592129  122237.8  260139.3  -0.004139780
  16   0.037658707   0.015377265  116913.6  250346.5  -0.005211307
  17   0.038722734   0.015166203  111868.5  240845.2  -0.004588035
  18   0.039771871   0.014958779  107020.6  231772.9  -0.004059489
  19   0.040807135   0.014756331  102471.0  223085.2  -0.005478369
  20   0.042837724   0.014366827   94100.0  206949.4  -0.003844656
  21   0.044817299   0.013998520   86527.3  192468.7  -0.003928209
  22   0.046750383   0.013654645   79844.0  179517.9  -0.002886667
  23   0.048644329   0.013341297   74264.4  168208.2  -0.007235785
  24   0.053241293   0.012678768   63539.8  145632.5  -0.001776988
  25   0.057681250   0.012170147   55916.1  129318.0  -0.001950943
  26   0.062020191   0.011810497   50996.2  118143.6  -0.001551487
  27   0.066298533   0.011571087   47967.7  110837.6  -0.001168438
  28   0.070541836   0.011420141   46165.5  106253.1  -0.000814865
  29   0.074765558   0.011329256   45124.6  103480.5  -0.000532792
  30   0.078978700   0.011276638   44539.5  101858.1  -0.000329977
  31   0.083186313   0.011247206   44219.2  100937.6  -0.000194984
  32   0.087391132   0.011231284   44048.6  100431.6  -0.000109848
  33   0.091594588   0.011223038   43961.4  100165.4  -0.000057532
  34   0.095797416   0.011219174   43920.9  100039.0  -0.000024407
  35   0.100000000   0.011218051   43907.7   99995.0  -0.000224571
# stent gain parameter 0.03
   1   0.000000000   0.015017739  130663.6  226184.8  -0.004453740
   2   0.001158428   0.015013305  130556.4  226009.9  -0.000622538
   3   0.002316270   0.015000018  130256.1  225555.4  -0.001209666
   4   0.003473096   0.014978054  129747.9  224831.0  -0.002109948
   5   0.004627023   0.014946634  128996.0  223711.8  -0.000445312
   6   0.006930146   0.014858412  126929.1  220616.5  -0.003492448
   7   0.009217777   0.014739732  124214.2  216709.0  -0.003746811
   8   0.011486240   0.014591835  120853.6  211896.6  -0.004247350
   9   0.013730197   0.014418159  116924.9  206234.7  -0.002998432
  10   0.017045770   0.014122787  110452.8  196754.0  -0.003919974
  11   0.020292854   0.013803064  103789.2  186694.9  -0.003268360
  12   0.023472177   0.013475819   97335.0  176471.2  -0.002939631
  13   0.026588679   0.013156398   91366.3  166597.5  -0.002101496
  14   0.028635069   0.012954079   87788.5  160410.0  -0.002581302
  15   0.030659681   0.012763395   84553.3  154627.8  -0.001448926
  16   0.031664915   0.012673014   83073.5  151918.4  -0.002240741
  17   0.032665586   0.012586638   81708.4  149349.3  -0.001996591
  18   0.033662241   0.012503903   80426.9  146902.3  -0.001795728
  19   0.034655485   0.012425343   79251.8  144605.0  -0.002600127
  20   0.036631492   0.012279690   77139.1  140393.7  -0.001491890
  21   0.038595967   0.012148249   75274.6  136624.5  -0.001466568
  22   0.040550447   0.012031385   73677.7  133309.5  -0.001042313
  23   0.042497525   0.011930528   72390.3  130514.4  -0.003195281
  24   0.047337847   0.011732275   69981.5  125082.7  -0.000690712
  25   0.052151967   0.011593198   68304.1  121212.7  -0.000749834
  26   0.056950326   0.011503136   67259.7  118674.2  -0.000513143
  27   0.061740188   0.011447135   66637.9  117075.5  -0.000343796
  28   0.066525667   0.011413667   66279.2  116103.8  -0.000218327
  29   0.071309004   0.011394355   66078.5  115532.6  -0.000132767
  30   0.076091351   0.011383559   65969.3  115207.1  -0.000077648
  31   0.080873266   0.011377700   65911.5  115027.1  -0.000043788
  32   0.085655009   0.011374614   65881.7  114930.5  -0.000023729
  33   0.090436687   0.011373054   65867.0  114880.8  -0.000012046
  34   0.095218346   0.011372337   65860.3  114857.6  -0.000005003
  35   0.100000000   0.011372130   65858.0  114849.6  -0.000040119
# stent gain parameter 0.04
   1   0.000000000   0.013826341  111655.4  184807.9  -0.003460419
   2   0.001099422   0.013822894  111584.1  184706.8  -0.000577298
   3   0.002198434   0.013812572  111381.3  184438.9  -0.001130658
   4   0.003296704   0.013795508  111038.2  184012.1  -0.001860782
   5   0.004392897   0.013771138  110531.9  183341.7  -0.000758560
   6   0.006582177   0.013702992  109144.4  181485.3  -0.003138140
   7   0.008760542   0.013611876  107327.8  179144.4  -0.003430315
   8   0.010925593   0.013499185  105088.1  176230.7  -0.003801082
   9   0.013073845   0.013368044  102487.4  172773.2  -0.002928357
  10   0.016262140   0.013147771   98231.6  166912.6  -0.003372760
  11   0.019405109   0.012913174   93879.8  160602.7  -0.002765649
  12   0.022504597   0.012677354   89704.4  154127.6  -0.002392372
  13   0.025565062   0.012451273   85875.5  147819.5  -0.001549704
  14   0.027586767   0.012310305   83599.2  143860.5  -0.001936654
  15   0.029595626   0.012179077   81555.1  140161.0  -0.001022422
  16   0.030596102   0.012117412   80623.6  138428.4  -0.001585929
  17   0.031593942   0.012058834   79766.7  136791.5  -0.001418148
  18   0.032589535   0.012003035   78964.3  135231.3  -0.001277684
  19   0.033583280   0.011950341   78229.6  133770.3  -0.001831293
  20   0.035564855   0.011853295   76909.8  131094.5  -0.001035232
  21   0.037540242   0.011766425   75746.1  128696.5  -0.001002195
  22   0.039510266   0.011689772   74750.1  126590.1  -0.000712133
  23   0.041476480   0.011624090   73946.2  124819.3  -0.002158775
  24   0.046377322   0.011495979   72438.5  121382.4  -0.000471125
  25   0.051264908   0.011406838   71387.2  118929.1  -0.000501370
  26   0.056144623   0.011349393   70730.8  117320.7  -0.000336932
  27   0.061020263   0.011313689   70338.4  116305.7  -0.000223762
  28   0.065893908   0.011292295   70110.9  115686.4  -0.000141603
  29   0.070766645   0.011279889   69982.8  115320.3  -0.000086153
  30   0.075639006   0.011272909   69912.8  115110.3  -0.000050550
  31   0.080511232   0.011269092   69875.4  114993.3  -0.000028651
  32   0.085383421   0.011267065   69856.0  114930.0  -0.000015620
  33   0.090255609   0.011266032   69846.4  114897.2  -0.000007978
  34   0.095127802   0.011265553   69842.0  114881.8  -0.000003329
  35   0.100000000   0.011265415   69840.4  114876.4  -0.000026980
