# stent penal reference
   1   0.000000000   0.012643811  100492.7  147842.0  -0.005383614
   2   0.001115912   0.012638381  100393.5  147731.7  -0.000606867
   3   0.002230782   0.012622182  100092.6  147440.7  -0.001215763
   4   0.003343608   0.012595497   99586.1  146972.0  -0.001952261
   5   0.004452325   0.012557732   98851.9  146248.1  -0.000270810
   6   0.006659686   0.012454428   96915.0  144294.0  -0.003261382
   7   0.008843640   0.012320922   94517.1  141891.8  -0.003467471
   8   0.011000715   0.012162438   91744.7  138985.5  -0.003736660
   9   0.013128185   0.011987264   88777.7  135674.8  -0.003141548
  10   0.016265086   0.011713295   84381.8  130316.1  -0.003127396
  11   0.019342363   0.011446849   80379.8  124839.3  -0.002576479
  12   0.022372586   0.011205167   77009.7  119578.5  -0.002248213
  13   0.025368607   0.010997163   74294.8  114788.1  -0.000862563
  14   0.027353316   0.010879816   72865.7  111989.8  -0.001646808
  15   0.029330362   0.010779532   71715.8  109539.8  -0.000497290
  16   0.030317213   0.010735342   71230.1  108448.0  -0.001089928
  17   0.031302822   0.010695329   70809.3  107462.2  -0.000990193
  18   0.032287575   0.010658923   70439.2  106556.4  -0.000903447
  19   0.033271791   0.010626142   70117.9  105743.8  -0.001351135
  20   0.035238078   0.010569538   69577.3  104331.2  -0.000639468
  21   0.037202966   0.010522992   69141.0  103141.9  -0.000566427
  22   0.039166781   0.010485482   68802.2  102174.5  -0.000389052
  23   0.041130244   0.010456413   68555.7  101434.8  -0.001276678
  24   0.046036375   0.010407425   68151.1  100171.6  -0.000218374
  25   0.050941990   0.010379707   67917.2   99405.9  -0.000210987
  26   0.055847455   0.010365697   67801.2   99001.9  -0.000109201
  27   0.060753040   0.010358841   67746.8   98798.4  -0.000056432
  28   0.065658757   0.010355610   67722.2   98699.6  -0.000027798
  29   0.070564569   0.010354140   67711.4   98653.2  -0.000013167
  30   0.075470436   0.010353492   67706.8   98632.3  -0.000006008
  31   0.080376332   0.010353217   67704.9   98623.1  -0.000002645
  32   0.085282242   0.010353103   67704.2   98619.2  -0.000001123
  33   0.090188159   0.010353057   67703.9   98617.6  -0.000000454
  34   0.095094079   0.010353040   67703.8   98617.0  -0.000000158
  35   0.100000000   0.010353036   67703.7   98616.8  -0.000000798
# stent penal 1e8
   1   0.000000000   0.012312514   95245.2  136436.8  -0.005026992
   2   0.001110463   0.012307428   95160.8  136351.1  -0.000000323
   3   0.002219872   0.012292197   94901.2  136124.4  -0.000000648
   4   0.003327192   0.012266902   94471.8  135743.7  -0.000000979
   5   0.004431422   0.012231674   94103.3  135312.2   0.001417628
   6   0.006635741   0.012146574   93029.8  134363.8   0.000007322
   7   0.008818824   0.012053007   91228.7  133306.9   0.000016097
   8   0.010976879   0.011952042   89261.5  132234.0   0.000024311
   9   0.013108141   0.011844962   87229.3  131022.7   0.000320686
  10   0.016256353   0.011679248   84209.0  128831.5   0.000038808
  11   0.019350677   0.011512537   81340.3  126124.7   0.000041554
  12   0.022400791   0.011346629   78739.1  122927.9   0.000039225
  13   0.025416412   0.011183133   76380.5  119388.1   0.000151389
  14   0.027411617   0.011076955   74952.4  116946.8   0.000029197
  15   0.029397022   0.010974733   73524.4  114490.3   0.000647627
  16   0.030386219   0.010927049   72854.7  113319.0   0.000024071
  17   0.031373716   0.010884175   72298.0  112262.3   0.000023833
  18   0.032359801   0.010846480   71809.1  111319.1   0.000023826
  19   0.033344740   0.010814336   71502.3  110541.4  -0.000820270
  20   0.035313437   0.010758926   71053.0  109204.2   0.000020477
  21   0.037279490   0.010710202   70520.6  107959.9   0.000017305
  22   0.039243579   0.010668762   70080.5  106889.7   0.000014634
  23   0.041206299   0.010635117   69782.5  106028.0  -0.000691910
  24   0.046111519   0.010565361   69231.4  104241.1   0.000004469
  25   0.051013243   0.010504478   68688.0  102651.2  -0.000001808
  26   0.055912662   0.010452567   68242.7  101296.6  -0.000006286
  27   0.060810744   0.010409294   67885.8  100165.0  -0.000009188
  28   0.065708248   0.010374025   67606.0   99237.7  -0.000010735
  29   0.070605721   0.010345945   67391.5   98493.2  -0.000011142
  30   0.075503524   0.010324159   67231.1   97909.5  -0.000010613
  31   0.080401847   0.010307778   67114.5   97465.1  -0.000009337
  32   0.085300745   0.010295983   67033.1   97141.0  -0.000007484
  33   0.090200167   0.010288086   66980.0   96921.4  -0.000005215
  34   0.095099979   0.010283564   66950.2   96794.5  -0.000002674
  35   0.100000000   0.010282093   66938.1   96744.4  -0.000284183
# stent penal 1e11
   1   0.000000000   0.010827748   78559.6   97264.4  -0.000022390
   2   0.001091379   0.010827726   78533.5   97340.3   0.000000001
   3   0.002181649   0.010827658   78425.8   97521.5   0.000000002
   4   0.003269740   0.010827547   78250.1   97818.1   0.000000003
   5   0.004354651   0.010827391   77998.8   98224.3   0.000006264
   6   0.006511630   0.010827016   77352.8   99315.9   0.000000016
   7   0.008646822   0.010826604   76590.7  100680.4   0.000000031
   8   0.010757101   0.010826157   75760.1  102191.2   0.000000051
   9   0.012841786   0.010825680   74948.4  103719.9   0.000001632
  10   0.015924242   0.010824935   73873.1  105806.2   0.000000105
  11   0.018962529   0.010824174   73013.4  107449.9   0.000000129
  12   0.021969025   0.010823402   72407.5  108591.1   0.000000143
  13   0.024955009   0.010822624   72004.8  109295.5  -0.000000065
  14   0.026938609   0.010822103   71835.0  109579.8   0.000000147
  15   0.028918733   0.010821583   71724.6  109759.2   0.000000901
  16   0.029907903   0.010821328   71684.9  109819.6   0.000000143
  17   0.030896641   0.010821080   71655.7  109865.2   0.000000142
  18   0.031885042   0.010820842   71632.2  109899.1   0.000000140
  19   0.032873181   0.010820616   71615.4  109923.8  -0.000001952
  20   0.034848928   0.010820187   71591.8  109953.5   0.000000134
  21   0.036824204   0.010819777   71574.1  109965.7   0.000000130
  22   0.038799202   0.010819391   71561.9  109968.2   0.000000126
  23   0.040774032   0.010819032   71554.4  109966.1  -0.000002602
  24   0.045710780   0.010818189   71541.5  109953.0   0.000000111
  25   0.050647186   0.010817388   71529.3  109936.8   0.000000101
  26   0.055583315   0.010816637   71518.2  109921.3   0.000000091
  27   0.060519190   0.010815943   71508.0  109906.8   0.000000081
  28   0.065454833   0.010815314   71498.8  109893.7   0.000000071
  29   0.070390265   0.010814757   71490.5  109882.1   0.000000061
  30   0.075325512   0.010814276   71483.4  109872.1   0.000000051
  31   0.080260603   0.010813876   71477.4  109863.7   0.000000041
  32   0.085195566   0.010813561   71472.7  109857.2   0.000000031
  33   0.090130432   0.010813334   71469.4  109852.4   0.000000020
  34   0.095065232   0.010813197   71467.3  109849.6   0.000000010
  35   0.100000000   0.010813151   71466.6  109848.4  -0.000009112
