# stent gain parameter reference 15.2/72
   1   0.000000000   0.012643811  100492.7  147842.0  -0.005383614
   2   0.001115912   0.012638381  100393.5  147731.7  -0.000606867
   3   0.002230782   0.012622182  100092.6  147440.7  -0.001215763
   4   0.003343608   0.012595497   99586.1  146972.0  -0.001952261
   5   0.004452325   0.012557732   98851.9  146248.1  -0.000270810
   6   0.006659686   0.012454428   96915.0  144294.0  -0.003261382
   7   0.008843640   0.012320922   94517.1  141891.8  -0.003467471
   8   0.011000715   0.012162438   91744.7  138985.5  -0.003736660
   9   0.013128185   0.011987264   88777.7  135674.8  -0.003141548
  10   0.016265086   0.011713295   84381.8  130316.1  -0.003127396
  11   0.019342363   0.011446849   80379.8  124839.3  -0.002576479
  12   0.022372586   0.011205167   77009.7  119578.5  -0.002248213
  13   0.025368607   0.010997163   74294.8  114788.1  -0.000862563
  14   0.027353316   0.010879816   72865.7  111989.8  -0.001646808
  15   0.029330362   0.010779532   71715.8  109539.8  -0.000497290
  16   0.030317213   0.010735342   71230.1  108448.0  -0.001089928
  17   0.031302822   0.010695329   70809.3  107462.2  -0.000990193
  18   0.032287575   0.010658923   70439.2  106556.4  -0.000903447
  19   0.033271791   0.010626142   70117.9  105743.8  -0.001351135
  20   0.035238078   0.010569538   69577.3  104331.2  -0.000639468
  21   0.037202966   0.010522992   69141.0  103141.9  -0.000566427
  22   0.039166781   0.010485482   68802.2  102174.5  -0.000389052
  23   0.041130244   0.010456413   68555.7  101434.8  -0.001276678
  24   0.046036375   0.010407425   68151.1  100171.6  -0.000218374
  25   0.050941990   0.010379707   67917.2   99405.9  -0.000210987
  26   0.055847455   0.010365697   67801.2   99001.9  -0.000109201
  27   0.060753040   0.010358841   67746.8   98798.4  -0.000056432
  28   0.065658757   0.010355610   67722.2   98699.6  -0.000027798
  29   0.070564569   0.010354140   67711.4   98653.2  -0.000013167
  30   0.075470436   0.010353492   67706.8   98632.3  -0.000006008
  31   0.080376332   0.010353217   67704.9   98623.1  -0.000002645
  32   0.085282242   0.010353103   67704.2   98619.2  -0.000001123
  33   0.090188159   0.010353057   67703.9   98617.6  -0.000000454
  34   0.095094079   0.010353040   67703.8   98617.0  -0.000000158
  35   0.100000000   0.010353036   67703.7   98616.8  -0.000000798
# stent gain parameter 72/15.2
   1   0.000000000   0.011883520   77895.0  127766.1  -0.003924804
   2   0.001063829   0.011879553   77836.2  127705.0  -0.000261432
   3   0.002127057   0.011867712   77663.3  127543.1  -0.000486123
   4   0.003189350   0.011848400   77375.4  127280.3  -0.001238058
   5   0.004248437   0.011820874   76955.5  126874.2   0.000715044
   6   0.006362886   0.011745684   75844.9  125768.6  -0.001649742
   7   0.008463706   0.011649645   74481.9  124391.1  -0.001611806
   8   0.010549925   0.011536298   72909.3  122700.7  -0.001872093
   9   0.012620080   0.011411982   71227.6  120749.1  -0.001647066
  10   0.015696130   0.011219440   68727.3  117546.5  -0.001827207
  11   0.018739775   0.011034512   66438.4  114237.4  -0.001667851
  12   0.021757581   0.010869274   64496.7  111045.0  -0.001610539
  13   0.024755871   0.010729319   62924.0  108135.1  -0.000558381
  14   0.026747995   0.010651850   62094.6  106441.5  -0.001317678
  15   0.028735031   0.010586709   61429.0  104967.7  -0.000231614
  16   0.029728062   0.010558425   61149.4  104315.6  -0.000938972
  17   0.030719983   0.010533217   60909.3  103732.1  -0.000719131
  18   0.031711432   0.010510423   60699.2  103198.0  -0.000567917
  19   0.032702822   0.010490215   60518.7  102723.4  -0.001054473
  20   0.034683755   0.010455989   60219.3  101908.2  -0.000416622
  21   0.036664146   0.010428394   59980.8  101229.8  -0.000401154
  22   0.038643922   0.010406767   59799.4  100688.5  -0.000229753
  23   0.040623742   0.010390624   59672.1  100286.4  -0.000831831
  24   0.045571398   0.010364933   59474.5   99628.7  -0.000124477
  25   0.050519235   0.010351509   59367.6   99252.5  -0.000121813
  26   0.055467102   0.010345543   59320.7   99072.7  -0.000055711
  27   0.060415084   0.010343032   59302.0   98993.1  -0.000025041
  28   0.065363144   0.010342041   59295.0   98959.9  -0.000010463
  29   0.070311244   0.010341674   59292.5   98946.9  -0.000004095
  30   0.075259362   0.010341546   59291.7   98942.1  -0.000001499
  31   0.080207487   0.010341504   59291.5   98940.5  -0.000000513
  32   0.085155614   0.010341492   59291.4   98939.9  -0.000000163
  33   0.090103743   0.010341488   59291.4   98939.8  -0.000000048
  34   0.095051871   0.010341487   59291.4   98939.7  -0.000000012
  35   0.100000000   0.010341487   59291.4   98939.7  -0.000000030
# stent gain parameter 72/72
   1   0.000000000   0.012682854   99344.9  148741.5  -0.005624027
   2   0.001119042   0.012677182   99242.0  148625.9  -0.000634518
   3   0.002237028   0.012660263   98932.0  148321.7  -0.001271534
   4   0.003352935   0.012632386   98409.9  147831.7  -0.002036076
   5   0.004464653   0.012592925   97653.3  147074.5  -0.000298650
   6   0.006677892   0.012484976   95655.4  145029.9  -0.003420392
   7   0.008867262   0.012345460   93179.0  142515.8  -0.003653900
   8   0.011029149   0.012179821   90313.5  139474.8  -0.003950712
   9   0.013160675   0.011996736   87243.7  136012.0  -0.003350187
  10   0.016302145   0.011710503   82693.3  130413.7  -0.003351395
  11   0.019382143   0.011432407   78552.0  124705.2  -0.002786630
  12   0.022413542   0.011180602   75067.6  119236.9  -0.002442016
  13   0.025409589   0.010964437   72265.3  114273.8  -0.000976316
  14   0.027393884   0.010842859   70793.5  111384.3  -0.001789362
  15   0.029370272   0.010739293   69612.1  108862.7  -0.000576619
  16   0.030356736   0.010693779   69114.3  107741.9  -0.001185953
  17   0.031341924   0.010652663   68683.7  106732.3  -0.001077823
  18   0.032326229   0.010615340   68306.0  105806.6  -0.000983076
  19   0.033309978   0.010581819   67978.7  104978.3  -0.001439735
  20   0.035275274   0.010524135   67429.7  103542.9  -0.000693249
  21   0.037239126   0.010476924   66988.7  102339.2  -0.000607633
  22   0.039201878   0.010439091   66648.0  101364.8  -0.000419680
  23   0.041164259   0.010409982   66401.7  100624.7  -0.001318650
  24   0.046067637   0.010361452   66001.4   99372.9  -0.000230075
  25   0.050970470   0.010334433   65773.2   98623.5  -0.000215704
  26   0.055873133   0.010321091   65662.3   98235.7  -0.000109492
  27   0.060775898   0.010314736   65611.7   98044.9  -0.000055101
  28   0.065678781   0.010311832   65589.4   97954.7  -0.000026355
  29   0.070581746   0.010310556   65579.9   97913.8  -0.000012074
  30   0.075484758   0.010310015   65576.1   97895.8  -0.000005308
  31   0.080387794   0.010309794   65574.6   97888.3  -0.000002242
  32   0.085290840   0.010309707   65574.0   97885.2  -0.000000910
  33   0.090193892   0.010309674   65573.8   97884.0  -0.000000351
  34   0.095096946   0.010309663   65573.7   97883.6  -0.000000117
  35   0.100000000   0.010309660   65573.7   97883.5  -0.000000528
# stent gain parameter 144/72
   1   0.000000000   0.012724548   98143.6  149673.7  -0.005875509
   2   0.001122182   0.012718624   98036.6  149552.0  -0.000665244
   3   0.002243294   0.012700951   97717.3  149232.7  -0.001333484
   4   0.003362298   0.012671824   97179.2  148718.3  -0.002128588
   5   0.004477037   0.012630580   96399.2  147923.8  -0.000334550
   6   0.006696218   0.012517721   94337.7  145778.6  -0.003598256
   7   0.008891092   0.012371802   91778.7  143141.9  -0.003864002
   8   0.011057891   0.012198472   88814.3  139955.5  -0.004192972
   9   0.013193564   0.012006806   85634.4  136329.5  -0.003584407
  10   0.016339708   0.011707146   80917.5  130475.8  -0.003606977
  11   0.019422457   0.011416188   76625.5  124520.9  -0.003026387
  12   0.022454999   0.011153142   73016.9  118831.1  -0.002662738
  13   0.025451002   0.010927883   70119.9  113683.4  -0.001106801
  14   0.027434830   0.010801591   68601.8  110696.6  -0.001950561
  15   0.029410511   0.010694375   67386.6  108098.7  -0.000666384
  16   0.030396566   0.010647394   66875.9  106947.2  -0.001293476
  17   0.031381311   0.010605058   66435.0  105912.5  -0.001175605
  18   0.032365150   0.010566724   66049.2  104966.0  -0.001071577
  19   0.033348415   0.010532390   65715.8  104121.4  -0.001537560
  20   0.035312690   0.010473531   65158.1  102662.6  -0.000752176
  21   0.037275482   0.010425603   64712.4  101444.5  -0.000652188
  22   0.039237152   0.010387431   64370.0  100463.8  -0.000452413
  23   0.041198436   0.010358293   64124.3   99724.3  -0.001362813
  24   0.046099034   0.010310287   63729.0   98486.3  -0.000241968
  25   0.050999066   0.010284028   63507.1   97755.4  -0.000220038
  26   0.055898913   0.010271394   63401.7   97385.1  -0.000109305
  27   0.060798846   0.010265558   63355.0   97207.7  -0.000053403
  28   0.065698882   0.010262982   63335.1   97126.4  -0.000024707
  29   0.070598988   0.010261894   63327.0   97090.8  -0.000010898
  30   0.075499134   0.010261454   63323.8   97075.8  -0.000004589
  31   0.080399298   0.010261283   63322.7   97069.7  -0.000001847
  32   0.085299470   0.010261219   63322.2   97067.4  -0.000000710
  33   0.090199646   0.010261197   63322.1   97066.6  -0.000000259
  34   0.095099823   0.010261189   63322.1   97066.3  -0.000000082
  35   0.100000000   0.010261187   63322.0   97066.2  -0.000000323
