# stent ratio reference
   1   0.000000000   0.012643811  100492.7  147842.0  -0.005383614
   2   0.001115912   0.012638381  100393.5  147731.7  -0.000606867
   3   0.002230782   0.012622182  100092.6  147440.7  -0.001215763
   4   0.003343608   0.012595497   99586.1  146972.0  -0.001952261
   5   0.004452325   0.012557732   98851.9  146248.1  -0.000270810
   6   0.006659686   0.012454428   96915.0  144294.0  -0.003261382
   7   0.008843640   0.012320922   94517.1  141891.8  -0.003467471
   8   0.011000715   0.012162438   91744.7  138985.5  -0.003736660
   9   0.013128185   0.011987264   88777.7  135674.8  -0.003141548
  10   0.016265086   0.011713295   84381.8  130316.1  -0.003127396
  11   0.019342363   0.011446849   80379.8  124839.3  -0.002576479
  12   0.022372586   0.011205167   77009.7  119578.5  -0.002248213
  13   0.025368607   0.010997163   74294.8  114788.1  -0.000862563
  14   0.027353316   0.010879816   72865.7  111989.8  -0.001646808
  15   0.029330362   0.010779532   71715.8  109539.8  -0.000497290
  16   0.030317213   0.010735342   71230.1  108448.0  -0.001089928
  17   0.031302822   0.010695329   70809.3  107462.2  -0.000990193
  18   0.032287575   0.010658923   70439.2  106556.4  -0.000903447
  19   0.033271791   0.010626142   70117.9  105743.8  -0.001351135
  20   0.035238078   0.010569538   69577.3  104331.2  -0.000639468
  21   0.037202966   0.010522992   69141.0  103141.9  -0.000566427
  22   0.039166781   0.010485482   68802.2  102174.5  -0.000389052
  23   0.041130244   0.010456413   68555.7  101434.8  -0.001276678
  24   0.046036375   0.010407425   68151.1  100171.6  -0.000218374
  25   0.050941990   0.010379707   67917.2   99405.9  -0.000210987
  26   0.055847455   0.010365697   67801.2   99001.9  -0.000109201
  27   0.060753040   0.010358841   67746.8   98798.4  -0.000056432
  28   0.065658757   0.010355610   67722.2   98699.6  -0.000027798
  29   0.070564569   0.010354140   67711.4   98653.2  -0.000013167
  30   0.075470436   0.010353492   67706.8   98632.3  -0.000006008
  31   0.080376332   0.010353217   67704.9   98623.1  -0.000002645
  32   0.085282242   0.010353103   67704.2   98619.2  -0.000001123
  33   0.090188159   0.010353057   67703.9   98617.6  -0.000000454
  34   0.095094079   0.010353040   67703.8   98617.0  -0.000000158
  35   0.100000000   0.010353036   67703.7   98616.8  -0.000000798
# stent ratio 0.15
   1   0.000000000   0.010914018   72193.8   97825.9  -0.001950631
   2   0.001042255   0.010912045   72200.1   97862.2  -0.000142584
   3   0.002084024   0.010906162   72194.2   97946.4  -0.000281081
   4   0.003124824   0.010896444   72174.8   98080.0  -0.000364179
   5   0.004164146   0.010882821   72151.3   98248.9   0.000099525
   6   0.006237265   0.010845920   72100.6   98686.7  -0.000688612
   7   0.008300550   0.010798629   72012.7   99194.9  -0.000737647
   8   0.010352540   0.010743322   71883.1   99660.0  -0.000773962
   9   0.012392718   0.010683182   71708.8  100000.0  -0.000644987
  10   0.015432013   0.010590907   71380.1  100188.8  -0.000593974
  11   0.018449917   0.010503017   70991.7   99966.7  -0.000477873
  12   0.021452061   0.010424893   70598.0   99415.3  -0.000416575
  13   0.024443829   0.010358793   70237.9   98671.2   0.000005740
  14   0.026434842   0.010321925   70027.9   98146.1  -0.000278635
  15   0.028424090   0.010290607   69857.4   97640.4   0.000040991
  16   0.029418335   0.010276845   69782.5   97401.0  -0.000135797
  17   0.030412372   0.010264371   69711.4   97176.7  -0.000136215
  18   0.031406275   0.010253027   69655.1   96966.9  -0.000134054
  19   0.032400100   0.010242791   69602.2   96773.0  -0.000267722
  20   0.034387541   0.010225065   69507.1   96424.2  -0.000082596
  21   0.036374936   0.010210451   69435.3   96122.8  -0.000075244
  22   0.038362368   0.010198587   69380.3   95871.4  -0.000045341
  23   0.040349926   0.010189253   69337.6   95673.3  -0.000328567
  24   0.045319190   0.010173165   69259.4   95321.6  -0.000030461
  25   0.050289166   0.010163767   69219.1   95102.3  -0.000044747
  26   0.055259642   0.010158715   69197.7   94979.8  -0.000023292
  27   0.060230449   0.010156041   69187.4   94913.6  -0.000012980
  28   0.065201457   0.010154658   69182.4   94878.6  -0.000006941
  29   0.070172582   0.010153957   69180.1   94860.4  -0.000003628
  30   0.075143772   0.010153608   69179.1   94851.2  -0.000001853
  31   0.080114996   0.010153438   69178.6   94846.6  -0.000000925
  32   0.085086237   0.010153356   69178.4   94844.4  -0.000000450
  33   0.090057488   0.010153319   69178.3   94843.3  -0.000000209
  34   0.095028743   0.010153302   69178.2   94842.9  -0.000000081
  35   0.100000000   0.010153298   69178.2   94842.7  -0.000000858
# stent ratio 0.85
   1   0.000000000   0.015435754  310326.7  535530.1  -0.003463132
   2   0.001196950   0.015432395  309557.0  533750.4  -0.001345813
   3   0.002394201   0.015422105  308272.6  530226.0  -0.002414035
   4   0.003593196   0.015404836  306364.8  524998.5  -0.004414054
   5   0.004790687   0.015379187  303388.4  516989.8  -0.003054825
   6   0.007197125   0.015301974  294481.0  494541.7  -0.007468651
   7   0.009605756   0.015185640  282091.1  466437.9  -0.008441557
   8   0.012014540   0.015021603  266471.1  433812.6  -0.009888658
   9   0.014410857   0.014803250  247017.2  396787.8  -0.007158370
  10   0.017970477   0.014378069  214848.4  340718.8  -0.010131306
  11   0.021440790   0.013857003  182708.1  288946.1  -0.008871108
  12   0.024797264   0.013274457  152471.0  242453.3  -0.008095321
  13   0.028030710   0.012677663  126418.1  203511.9  -0.006402373
  14   0.030119583   0.012295036  111981.5  181805.7  -0.006890651
  15   0.032162929   0.011937934   99696.6  163259.4  -0.004136670
  16   0.033169973   0.011771739   94507.6  155254.9  -0.005526904
  17   0.034168090   0.011616291   90037.0  148067.4  -0.004964803
  18   0.035158557   0.011471086   85916.9  141545.6  -0.004512853
  19   0.036142802   0.011337282   82462.3  135823.2  -0.005818298
  20   0.038092295   0.011100313   76877.0  126195.9  -0.003076343
  21   0.040022356   0.010900177   72287.9  118365.2  -0.002609884
  22   0.041937080   0.010736666   68737.1  112187.5  -0.001859636
  23   0.043841712   0.010610647   66330.0  107697.4  -0.005603442
  24   0.048566832   0.010402337   62804.6  100557.0  -0.000895935
  25   0.053263134   0.010288560   60703.9   96474.8  -0.000847739
  26   0.057944958   0.010236317   59768.2   94538.7  -0.000440823
  27   0.062620691   0.010214402   59380.1   93695.7  -0.000204588
  28   0.067294082   0.010205954   59230.8   93355.9  -0.000086265
  29   0.071966652   0.010202962   59177.9   93229.5  -0.000033233
  30   0.076638957   0.010201997   59160.9   93186.4  -0.000011673
  31   0.081311185   0.010201716   59156.0   93173.0  -0.000003704
  32   0.085983393   0.010201645   59154.8   93169.4  -0.000001042
  33   0.090655596   0.010201630   59154.5   93168.5  -0.000000251
  34   0.095327798   0.010201628   59154.5   93168.4  -0.000000048
  35   0.100000000   0.010201628   59154.5   93168.4  -0.000000019
