# stent gain parameter reference 15.2/72
   1   0.000000000   0.016837436  167618.7  303223.5  -0.006030233
   2   0.001262352   0.016831437  167436.9  302890.7  -0.000681416
   3   0.002523835   0.016813451  166940.2  302047.8  -0.001316519
   4   0.003783826   0.016783713  166102.4  300700.6  -0.002457881
   5   0.005039664   0.016741138  164859.3  298650.9   0.000097086
   6   0.007543716   0.016621165  161433.0  292994.4  -0.003995093
   7   0.010024834   0.016458784  156927.8  285832.3  -0.004173249
   8   0.012477179   0.016254981  151345.0  277090.6  -0.004879507
   9   0.014892367   0.016013634  144793.6  266870.0  -0.003013876
  10   0.018437952   0.015598211  133973.0  249957.8  -0.004782256
  11   0.021876288   0.015141240  122808.4  232299.8  -0.004079975
  12   0.025205252   0.014665018  111942.5  214577.8  -0.003839111
  13   0.028429557   0.014191777  101864.7  197708.1  -0.003134036
  14   0.030524793   0.013887321   95803.1  187205.8  -0.003662496
  15   0.032581887   0.013596773   90306.4  177436.1  -0.002258035
  16   0.033597481   0.013457881   87791.1  172872.6  -0.003392367
  17   0.034604933   0.013324318   85468.2  168536.3  -0.003002944
  18   0.035605026   0.013195666   83287.6  164419.8  -0.002690130
  19   0.036598734   0.013072818   81289.1  160552.2  -0.003894676
  20   0.038567102   0.012843545   77705.8  153479.9  -0.002290548
  21   0.040513711   0.012635014   74556.6  147189.9  -0.002277316
  22   0.042441493   0.012448268   71871.0  141675.4  -0.001622574
  23   0.044355013   0.012285999   69718.2  137028.9  -0.004942076
  24   0.049087593   0.011964997   65730.1  128048.0  -0.001048497
  25   0.053769228   0.011738595   62985.7  121720.8  -0.001160439
  26   0.058420145   0.011591808   61297.4  117603.2  -0.000808120
  27   0.063054095   0.011500885   60304.0  115035.2  -0.000544399
  28   0.067679022   0.011446926   59737.3  113491.1  -0.000345529
  29   0.072299356   0.011416070   59423.4  112593.6  -0.000209121
  30   0.076917448   0.011398997   59254.3  112088.1  -0.000121419
  31   0.081534491   0.011389834   59165.7  111811.7  -0.000067881
  32   0.086151066   0.011385062   59120.4  111665.1  -0.000036450
  33   0.090767440   0.011382675   59098.2  111590.6  -0.000018346
  34   0.095383734   0.011381587   59088.2  111556.1  -0.000007570
  35   0.100000000   0.011381277   59084.9  111544.3  -0.000060210
# stent gain parameter 72/15.2
   1   0.000000000   0.016116910  144794.3  279179.7  -0.005608449
   2   0.001213182   0.016111299  144642.1  278923.4  -0.000329338
   3   0.002425331   0.016094358  144215.8  278256.6  -0.000261746
   4   0.003636670   0.016066767  143505.5  277178.3  -0.002018594
   5   0.004842633   0.016027173  142454.1  275564.0   0.001950532
   6   0.007249416   0.015915997  139581.4  271099.9  -0.002151887
   7   0.009634518   0.015768274  135894.8  265391.0  -0.001828057
   8   0.011994840   0.015585229  131399.7  258382.1  -0.002543367
   9   0.014323966   0.015371363  126202.1  250153.8  -0.001069194
  10   0.017756148   0.015008445  117664.2  236398.2  -0.003002683
  11   0.021104011   0.014614424  108831.6  221844.8  -0.002876178
  12   0.024366925   0.014207279  100127.7  207057.2  -0.003141699
  13   0.027547405   0.013804875   91925.3  192785.7  -0.002732514
  14   0.029625070   0.013547072   86896.7  183789.1  -0.003570707
  15   0.031670933   0.013301667   82280.3  175333.0  -0.001902336
  16   0.032684515   0.013184749   80146.7  171356.0  -0.003801912
  17   0.033690313   0.013072871   78159.7  167564.5  -0.002939151
  18   0.034690148   0.012964893   76289.8  163941.0  -0.002289422
  19   0.035685829   0.012862204   74562.4  160524.7  -0.004182517
  20   0.037659289   0.012671900   71449.3  154262.5  -0.002261401
  21   0.039615589   0.012499503   68700.3  148661.2  -0.002430058
  22   0.041555988   0.012346257   66346.0  143737.5  -0.001556775
  23   0.043485947   0.012214604   64455.1  139589.5  -0.004757325
  24   0.048265509   0.011959305   60963.8  131605.7  -0.001081597
  25   0.053005880   0.011784115   58588.5  126025.8  -0.001134568
  26   0.057722801   0.011675552   57163.9  122474.2  -0.000746406
  27   0.062427974   0.011612038   56363.5  120339.7  -0.000472857
  28   0.067127608   0.011576904   55934.5  119120.8  -0.000278904
  29   0.071824826   0.011558410   55714.7  118457.4  -0.000155206
  30   0.076521073   0.011549104   55606.7  118112.2  -0.000081997
  31   0.081216967   0.011544612   55555.7  117939.9  -0.000041327
  32   0.085912748   0.011542528   55532.6  117857.3  -0.000019887
  33   0.090608501   0.011541602   55522.5  117819.5  -0.000008997
  34   0.095304250   0.011541224   55518.5  117803.6  -0.000003415
  35   0.100000000   0.011541124   55517.2  117798.5  -0.000020195
# stent gain parameter 72/72
   1   0.000000000   0.016965100  173244.6  320350.2  -0.005774500
   2   0.001261174   0.016959324  173072.5  320025.7  -0.000692398
   3   0.002521576   0.016942001  172611.1  319215.5  -0.001349855
   4   0.003780640   0.016913333  171831.3  317920.2  -0.002442072
   5   0.005035902   0.016872262  170671.5  315942.9  -0.000072135
   6   0.007539775   0.016756345  167450.9  310463.9  -0.004039699
   7   0.010022623   0.016598941  163161.8  303473.0  -0.004266288
   8   0.012478836   0.016400668  157782.5  294869.8  -0.004983155
   9   0.014900118   0.016164862  151373.8  284680.7  -0.003140012
  10   0.018458810   0.015756626  140598.9  267566.4  -0.004957993
  11   0.021913864   0.015304299  129243.4  249366.3  -0.004293873
  12   0.025261602   0.014829236  117934.2  230717.5  -0.004075992
  13   0.028505110   0.014353323  107209.7  212639.2  -0.003513224
  14   0.030612338   0.014044941  100628.7  201194.3  -0.003940519
  15   0.032680562   0.013748832   94559.6  190413.7  -0.002632520
  16   0.033701154   0.013606643   91750.5  185333.0  -0.003721981
  17   0.034713282   0.013469439   89132.2  180466.0  -0.003318060
  18   0.035717675   0.013336853   86651.9  175820.6  -0.002986408
  19   0.036715278   0.013209820   84360.8  171425.8  -0.004186091
  20   0.038690382   0.012971604   80213.2  163329.0  -0.002592585
  21   0.040642050   0.012753621   76523.7  156071.3  -0.002578040
  22   0.042573278   0.012557198   73335.7  149647.5  -0.001875897
  23   0.044488759   0.012385425   70747.0  144174.8  -0.005269566
  24   0.049221537   0.012042488   65884.4  133466.2  -0.001222107
  25   0.053897286   0.011797920   62485.1  125824.1  -0.001315807
  26   0.058538547   0.011637911   60361.7  120778.4  -0.000932119
  27   0.063160772   0.011538327   59098.7  117598.2  -0.000634238
  28   0.067772946   0.011479180   58373.8  115673.3  -0.000404946
  29   0.072380065   0.011445451   57971.4  114551.2  -0.000245467
  30   0.076984759   0.011426899   57754.9  113919.3  -0.000142209
  31   0.081588346   0.011417026   57641.8  113574.8  -0.000079087
  32   0.086191452   0.011411938   57584.5  113393.2  -0.000042154
  33   0.090794360   0.011409422   57556.5  113301.4  -0.000021044
  34   0.095397192   0.011408288   57544.1  113259.3  -0.000008625
  35   0.100000000   0.011407966   57540.0  113244.9  -0.000064451
# stent gain parameter 144/72
   1   0.000000000   0.017057061  172268.6  323700.0  -0.005565824
   2   0.001257474   0.017051492  172103.1  323381.5  -0.000708265
   3   0.002514276   0.017034794  171669.7  322597.6  -0.001391782
   4   0.003769897   0.017007125  170936.6  321345.7  -0.002442933
   5   0.005022067   0.016967456  169845.3  319429.3  -0.000244067
   6   0.007520780   0.016855290  166799.4  314106.6  -0.004115769
   7   0.010000430   0.016702405  162706.7  307288.4  -0.004399003
   8   0.012455666   0.016509012  157537.3  298865.4  -0.005135754
   9   0.014878299   0.016277868  151324.4  288823.1  -0.003318685
  10   0.018443264   0.015875059  140779.6  271844.8  -0.005201749
  11   0.021908569   0.015425108  129545.9  253652.3  -0.004582027
  12   0.025269065   0.014948539  118233.6  234851.0  -0.004392299
  13   0.028526301   0.014467147  107398.7  216502.1  -0.003946008
  14   0.030642250   0.014153054  100692.9  204812.6  -0.004298487
  15   0.032718670   0.013849813   94466.0  193750.8  -0.003055425
  16   0.033742948   0.013703651   91570.5  188520.6  -0.004112242
  17   0.034758548   0.013562234   88861.9  183493.8  -0.003697553
  18   0.035766145   0.013425251   86288.5  178687.4  -0.003352648
  19   0.036766663   0.013293695   83904.5  174128.0  -0.004547576
  20   0.038746861   0.013046218   79574.8  165705.6  -0.002939458
  21   0.040702429   0.012818930   75710.6  158139.3  -0.002908577
  22   0.042636434   0.012613452   72361.3  151422.7  -0.002162552
  23   0.044553700   0.012433282   69634.7  145681.4  -0.005643072
  24   0.049287798   0.012072518   64505.7  134416.9  -0.001403455
  25   0.053960979   0.011814748   60922.3  126370.3  -0.001463829
  26   0.058597422   0.011646386   58689.9  121058.7  -0.001037074
  27   0.063213702   0.011542216   57370.4  117723.4  -0.000701200
  28   0.067819436   0.011480924   56620.3  115719.2  -0.000443532
  29   0.072419936   0.011446407   56209.0  114562.7  -0.000265527
  30   0.077017967   0.011427709   55991.0  113919.7  -0.000151525
  31   0.081614893   0.011417931   55879.1  113574.6  -0.000082828
  32   0.086211350   0.011412990   55823.4  113395.6  -0.000043339
  33   0.090807621   0.011410594   55796.8  113306.8  -0.000021251
  34   0.095403821   0.011409534   55785.2  113266.8  -0.000008590
  35   0.100000000   0.011409237   55781.4  113253.1  -0.000059582
