# stent penal reference
   1   0.000000000   0.016837436  167618.7  303223.5  -0.006030233
   2   0.001262352   0.016831437  167436.9  302890.7  -0.000681416
   3   0.002523835   0.016813451  166940.2  302047.8  -0.001316519
   4   0.003783826   0.016783713  166102.4  300700.6  -0.002457881
   5   0.005039664   0.016741138  164859.3  298650.9   0.000097086
   6   0.007543716   0.016621165  161433.0  292994.4  -0.003995093
   7   0.010024834   0.016458784  156927.8  285832.3  -0.004173249
   8   0.012477179   0.016254981  151345.0  277090.6  -0.004879507
   9   0.014892367   0.016013634  144793.6  266870.0  -0.003013876
  10   0.018437952   0.015598211  133973.0  249957.8  -0.004782256
  11   0.021876288   0.015141240  122808.4  232299.8  -0.004079975
  12   0.025205252   0.014665018  111942.5  214577.8  -0.003839111
  13   0.028429557   0.014191777  101864.7  197708.1  -0.003134036
  14   0.030524793   0.013887321   95803.1  187205.8  -0.003662496
  15   0.032581887   0.013596773   90306.4  177436.1  -0.002258035
  16   0.033597481   0.013457881   87791.1  172872.6  -0.003392367
  17   0.034604933   0.013324318   85468.2  168536.3  -0.003002944
  18   0.035605026   0.013195666   83287.6  164419.8  -0.002690130
  19   0.036598734   0.013072818   81289.1  160552.2  -0.003894676
  20   0.038567102   0.012843545   77705.8  153479.9  -0.002290548
  21   0.040513711   0.012635014   74556.6  147189.9  -0.002277316
  22   0.042441493   0.012448268   71871.0  141675.4  -0.001622574
  23   0.044355013   0.012285999   69718.2  137028.9  -0.004942076
  24   0.049087593   0.011964997   65730.1  128048.0  -0.001048497
  25   0.053769228   0.011738595   62985.7  121720.8  -0.001160439
  26   0.058420145   0.011591808   61297.4  117603.2  -0.000808120
  27   0.063054095   0.011500885   60304.0  115035.2  -0.000544399
  28   0.067679022   0.011446926   59737.3  113491.1  -0.000345529
  29   0.072299356   0.011416070   59423.4  112593.6  -0.000209121
  30   0.076917448   0.011398997   59254.3  112088.1  -0.000121419
  31   0.081534491   0.011389834   59165.7  111811.7  -0.000067881
  32   0.086151066   0.011385062   59120.4  111665.1  -0.000036450
  33   0.090767440   0.011382675   59098.2  111590.6  -0.000018346
  34   0.095383734   0.011381587   59088.2  111556.1  -0.000007570
  35   0.100000000   0.011381277   59084.9  111544.3  -0.000060210
# stent penal 1e8
   1   0.000000000   0.016691304  162420.2  302690.3  -0.008359647
   2   0.001238417   0.016682943  162171.3  302122.4  -0.000007632
   3   0.002475888   0.016657837  161532.7  300747.8  -0.000015339
   4   0.003711445   0.016615921  160466.6  298468.7  -0.000023204
   5   0.004944073   0.016557086  159890.0  296063.5   0.002483718
   6   0.007417261   0.016413191  158044.0  290388.7  -0.000022009
   7   0.009871185   0.016253144  153912.7  283355.7  -0.000014694
   8   0.012299696   0.016077607  149288.6  276182.0  -0.000006301
   9   0.014698155   0.015887615  144407.0  268812.7   0.000768299
  10   0.018237964   0.015587647  136747.6  257489.6   0.000020861
  11   0.021699144   0.015280754  128881.8  245943.3   0.000038081
  12   0.025081785   0.014969922  121184.8  234289.0   0.000051738
  13   0.028387226   0.014658457  113711.8  222759.9  -0.000147140
  14   0.030547528   0.014451308  108867.8  215210.3   0.000065755
  15   0.032673871   0.014245456  104010.4  207959.0   0.000122171
  16   0.033722508   0.014144214  101611.3  204394.0   0.000069518
  17   0.034762829   0.014045284   99315.0  200768.1   0.000070297
  18   0.035795414   0.013949719   97113.3  197184.6   0.000071068
  19   0.036820909   0.013858542   95284.4  193605.6  -0.000627452
  20   0.038861806   0.013684295   92067.1  186741.8   0.000069027
  21   0.040881947   0.013518690   88798.4  180469.6   0.000067491
  22   0.042882933   0.013363512   85795.4  174645.5   0.000065674
  23   0.044866806   0.013220404   83333.8  169313.6  -0.001028923
  24   0.049783771   0.012887511   78076.2  157391.1   0.000055666
  25   0.054619769   0.012576368   73036.7  146980.6   0.000050494
  26   0.059378440   0.012289762   68563.3  137929.3   0.000045441
  27   0.064065886   0.012029776   64660.7  130110.7   0.000040045
  28   0.068689856   0.011797960   61315.9  123419.5   0.000034274
  29   0.073258984   0.011595457   58505.1  117770.5   0.000028337
  30   0.077782187   0.011423098   56198.3  113095.0   0.000022519
  31   0.082268225   0.011281472   54364.1  109338.6   0.000017068
  32   0.086725439   0.011170986   52972.5  106459.0   0.000012130
  33   0.091161655   0.011091908   51998.1  104424.4   0.000007722
  34   0.095584194   0.011044403   51421.6  103212.3   0.000003742
  35   0.100000000   0.011028558   51218.6  102736.7  -0.003170078
# stent penal 1e11
   1   0.000000000   0.013695374   93169.3  157209.0  -0.000035311
   2   0.001125766   0.013695339   93115.7  157337.7  -0.000000006
   3   0.002249968   0.013695233   92924.0  157653.2  -0.000000012
   4   0.003371097   0.013695058   92611.6  158170.2  -0.000000016
   5   0.004487746   0.013694814   92179.6  158885.3   0.000009876
   6   0.006703276   0.013694228   91061.4  160806.5  -0.000000009
   7   0.008888293   0.013693584   89721.9  163202.8   0.000000012
   8   0.011038645   0.013692890   88281.0  165867.0   0.000000045
   9   0.013153658   0.013692149   86888.4  168570.3   0.000002589
  10   0.016265232   0.013690996   85069.4  172266.4   0.000000146
  11   0.019316982   0.013689823   83646.2  175186.6   0.000000194
  12   0.022326051   0.013688636   82658.2  177217.2   0.000000221
  13   0.025307704   0.013687440   82011.6  178474.3  -0.000000166
  14   0.027286038   0.013686639   81738.5  178981.0   0.000000233
  15   0.029259694   0.013685839   81558.1  179298.7   0.000001241
  16   0.030245307   0.013685445   81492.0  179405.1   0.000000228
  17   0.031230324   0.013685062   81441.2  179484.3   0.000000225
  18   0.032214867   0.013684694   81399.5  179542.5   0.000000222
  19   0.033199034   0.013684344   81369.2  179584.4  -0.000002907
  20   0.035166623   0.013683676   81326.0  179633.6   0.000000213
  21   0.037133498   0.013683037   81291.3  179651.9   0.000000206
  22   0.039099915   0.013682434   81265.4  179653.0   0.000000200
  23   0.041066018   0.013681873   81248.5  179646.1  -0.000004014
  24   0.045980634   0.013680555   81217.8  179615.8   0.000000177
  25   0.050894372   0.013679302   81186.5  179580.0   0.000000162
  26   0.055807338   0.013678126   81157.7  179545.5   0.000000146
  27   0.060719587   0.013677040   81131.0  179513.6   0.000000130
  28   0.065631176   0.013676055   81106.6  179484.6   0.000000114
  29   0.070542169   0.013675181   81084.9  179458.8   0.000000098
  30   0.075452637   0.013674428   81066.1  179436.6   0.000000082
  31   0.080362660   0.013673801   81050.4  179418.1   0.000000065
  32   0.085272318   0.013673307   81038.0  179403.5   0.000000049
  33   0.090181701   0.013672952   81029.0  179393.0   0.000000033
  34   0.095090897   0.013672737   81023.6  179386.6   0.000000016
  35   0.100000000   0.013672665   81021.8  179384.1  -0.000014367
