# stent oversizing reference 20%
   1   0.000000000   0.011793685   94663.6  126546.7   0.000000000
   2   0.001127450   0.011793685   94663.6  126546.7   0.000000000
   3   0.002254900   0.011793685   94663.6  126546.7   0.000000000
   4   0.003382350   0.011793685   94663.6  126546.7   0.000000000
   5   0.004509800   0.011793685   94663.6  126546.7  -0.000000000
   6   0.006764701   0.011793685   94663.6  126546.7  -0.000000006
   7   0.009019601   0.011793685   94663.6  126546.7  -0.000000054
   8   0.011274501   0.011793684   94663.6  126546.7   0.000000207
   9   0.013529402   0.011793683   94663.7  126546.8   0.000000734
  10   0.016911758   0.011793721   94663.5  126547.4  -0.000016311
  11   0.020294062   0.011793593   94660.3  126541.7   0.000010313
  12   0.023676372   0.011792603   94683.8  126543.9   0.000657422
  13   0.027060835   0.011803145   94977.8  126915.1   0.004545072
  14   0.029324551   0.011866039   95861.5  128780.9   0.000279467
  15   0.031585017   0.012023514   97628.0  133167.7  -0.001693679
  16   0.032713159   0.012100329   98590.8  135434.1   0.002049444
  17   0.033843973   0.012157972   99575.2  136923.3   0.000436346
  18   0.034981441   0.012197553  100584.3  137365.8  -0.002780957
  19   0.036126665   0.012213723  100935.5  137085.0   0.003951616
  20   0.038423704   0.012176160   99884.1  136492.9   0.000100004
  21   0.040687854   0.012060654   97037.1  134966.7   0.000715020
  22   0.042900863   0.011881655   92886.1  131977.1   0.000169446
  23   0.045053473   0.011657474   88170.3  127602.0   0.003794903
  24   0.050207496   0.011032517   76762.5  114698.9   0.000258748
  25   0.055074957   0.010432026   67270.1  102322.3   0.000412929
  26   0.059748226   0.009939175   60372.4   91956.5  -0.000285751
  27   0.064307986   0.009585505   55920.6   84370.7  -0.000623550
  28   0.068808220   0.009357632   53300.6   79368.5  -0.000669669
  29   0.073279812   0.009223933   51871.0   76344.6  -0.000542594
  30   0.077738774   0.009151777   51142.2   74651.8  -0.000368860
  31   0.082192725   0.009115712   50794.2   73769.2  -0.000220222
  32   0.086644949   0.009098958   50638.8   73339.6  -0.000117994
  33   0.091096690   0.009091737   50574.2   73145.1  -0.000056613
  34   0.095548345   0.009088935   50550.0   73066.0  -0.000021995
  35   0.100000000   0.009088220   50542.7   73041.1  -0.000140207
# stent oversizing 5%
   1   0.000000000   0.010313355   75546.8   98986.1   0.000000000
   2   0.001030806   0.010313355   75546.8   98986.1  -0.000000001
   3   0.002061611   0.010313355   75546.8   98986.1  -0.000000002
   4   0.003092417   0.010313355   75546.8   98986.1  -0.000000004
   5   0.004123223   0.010313355   75546.8   98986.1  -0.000000006
   6   0.006184834   0.010313355   75546.8   98986.1  -0.000000010
   7   0.008246446   0.010313355   75546.8   98986.0  -0.000000017
   8   0.010308058   0.010313355   75546.8   98986.0  -0.000000030
   9   0.012369671   0.010313355   75546.8   98986.0  -0.000000051
  10   0.015462091   0.010313355   75546.9   98985.9   0.000000042
  11   0.018554515   0.010313356   75547.0   98985.9  -0.000000440
  12   0.021646942   0.010313360   75546.9   98985.7  -0.000002045
  13   0.024739364   0.010313308   75548.3   98984.2   0.000013515
  14   0.026801085   0.010313413   75556.2   98991.8   0.000112303
  15   0.028863151   0.010315998   75623.2   99033.0   0.000505814
  16   0.029895221   0.010320864   75661.7   99141.1   0.000196468
  17   0.030926435   0.010328857   75639.9   99356.4   0.000413248
  18   0.031955840   0.010334087   75533.3   99559.0   0.000507774
  19   0.032983060   0.010333914   75347.4   99664.0   0.001368622
  20   0.035031578   0.010320469   74834.4   99625.4   0.000373966
  21   0.037069829   0.010293674   74190.6   99343.9   0.000384998
  22   0.039097161   0.010256705   73447.9   98846.0   0.000303511
  23   0.041113336   0.010213543   72698.7   98175.6   0.000441647
  24   0.046114495   0.010100614   70990.6   96264.5   0.000149291
  25   0.051068208   0.009998264   69578.1   94434.6  -0.000010178
  26   0.055990528   0.009919264   68572.9   92925.6  -0.000148011
  27   0.060894481   0.009865706   67935.1   91842.6  -0.000174649
  28   0.065788789   0.009832954   67567.0   91145.5  -0.000146068
  29   0.070678513   0.009814635   67371.4   90736.1  -0.000101368
  30   0.075566271   0.009805188   67275.3   90514.6  -0.000061639
  31   0.080453272   0.009800677   67231.3   90403.6  -0.000033673
  32   0.085340017   0.009798678   67212.7   90352.0  -0.000016716
  33   0.090226689   0.009797858   67205.4   90329.8  -0.000007500
  34   0.095113345   0.009797556   67202.8   90321.2  -0.000002766
  35   0.100000000   0.009797481   67202.1   90318.6  -0.000014376
# stent oversizing 10%
   1   0.000000000   0.010786962   81982.0  106186.8   0.000000000
   2   0.001073551   0.010786962   81982.0  106186.8  -0.000000000
   3   0.002147102   0.010786962   81982.0  106186.8  -0.000000000
   4   0.003220652   0.010786962   81982.0  106186.8  -0.000000000
   5   0.004294203   0.010786962   81982.0  106186.8  -0.000000000
   6   0.006441305   0.010786962   81982.0  106186.8   0.000000000
   7   0.008588406   0.010786962   81982.0  106186.8   0.000000007
   8   0.010735508   0.010786962   81982.0  106186.7   0.000000029
   9   0.012882610   0.010786963   81982.0  106186.8  -0.000000364
  10   0.016103263   0.010786978   81982.0  106187.3  -0.000004813
  11   0.019323889   0.010786906   81982.3  106184.0   0.000006198
  12   0.022544596   0.010786518   81979.8  106176.3   0.000182091
  13   0.025766108   0.010790631   82019.6  106355.1   0.001263477
  14   0.027915223   0.010811900   82176.9  107171.1   0.000799241
  15   0.030060049   0.010861768   82573.7  108771.2  -0.000098922
  16   0.031131458   0.010883838   82706.8  109273.3  -0.001054493
  17   0.032202631   0.010896278   82732.3  109461.5  -0.000323216
  18   0.033273090   0.010897416   82516.0  109452.9   0.000242384
  19   0.034340081   0.010886823   82031.1  109296.9   0.002583274
  20   0.036460483   0.010838929   80634.8  108623.2   0.000489400
  21   0.038555750   0.010763754   78926.5  107551.8   0.000655540
  22   0.040623630   0.010667392   76991.7  106081.5   0.000536137
  23   0.042663578   0.010558419   75067.1  104273.1   0.000843290
  24   0.047666008   0.010279351   70771.4   99371.7   0.000325296
  25   0.052552860   0.010030319   67318.5   94839.8   0.000011598
  26   0.057364955   0.009839817   64919.7   91189.1  -0.000307962
  27   0.062134204   0.009711576   63429.5   88615.7  -0.000383654
  28   0.066881273   0.009633726   62584.9   86983.7  -0.000328281
  29   0.071617913   0.009590552   62143.2   86037.7  -0.000230163
  30   0.076350121   0.009568512   61929.1   85532.1  -0.000140335
  31   0.081080646   0.009558111   61832.7   85282.0  -0.000076469
  32   0.085810614   0.009553569   61792.5   85167.3  -0.000037713
  33   0.090540429   0.009551738   61777.1   85118.6  -0.000016762
  34   0.095270216   0.009551075   61771.7   85100.1  -0.000006123
  35   0.100000000   0.009550914   61770.2   85094.6  -0.000031041
# stent oversizing 15%
   1   0.000000000   0.011292580   88599.5  115043.9   0.000000000
   2   0.001110305   0.011292580   88599.5  115043.9   0.000000000
   3   0.002220610   0.011292580   88599.5  115043.9   0.000000000
   4   0.003330915   0.011292580   88599.5  115043.9   0.000000000
   5   0.004441220   0.011292580   88599.5  115043.9  -0.000000000
   6   0.006661829   0.011292580   88599.5  115043.9  -0.000000005
   7   0.008882439   0.011292580   88599.5  115043.8  -0.000000040
   8   0.011103049   0.011292579   88599.5  115043.8   0.000000199
   9   0.013323659   0.011292579   88599.6  115043.9   0.000000310
  10   0.016654579   0.011292609   88599.3  115044.2  -0.000012878
  11   0.019985459   0.011292494   88597.0  115040.2   0.000012406
  12   0.023316337   0.011291764   88616.6  115044.9   0.000492190
  13   0.026648802   0.011300008   88838.0  115306.1   0.003291020
  14   0.028876053   0.011346718   89401.1  116470.2  -0.000016399
  15   0.031102651   0.011459505   90412.1  119098.1  -0.002314398
  16   0.032214357   0.011509912   90810.2  120428.9   0.001643656
  17   0.033325664   0.011541308   90965.4  121329.6   0.000889203
  18   0.034436529   0.011555358   90942.7  121666.3  -0.000626952
  19   0.035546210   0.011550268   90522.4  121497.7   0.003573745
  20   0.037755258   0.011490621   88777.2  120657.6   0.000340379
  21   0.039930274   0.011379228   86190.5  119091.6   0.000698282
  22   0.042062931   0.011227763   83008.6  116683.3   0.000458267
  23   0.044149780   0.011050914   79700.8  113569.1   0.001822330
  24   0.049200825   0.010586082   72152.0  104985.6   0.000435207
  25   0.054050870   0.010161370   66072.4   97039.9   0.000193137
  26   0.058768369   0.009828084   61812.0   90598.2  -0.000337083
  27   0.063408956   0.009598199   59143.3   86012.1  -0.000530636
  28   0.068009121   0.009455394   57616.0   83067.5  -0.000503079
  29   0.072589828   0.009374451   56807.2   81335.9  -0.000376498
  30   0.077161990   0.009332234   56408.7   80395.2  -0.000240936
  31   0.081730774   0.009311873   56225.8   79921.0  -0.000136602
  32   0.086298381   0.009302773   56147.7   79698.9  -0.000069769
  33   0.090865642   0.009299014   56116.9   79602.5  -0.000032000
  34   0.095432826   0.009297618   56105.9   79565.0  -0.000011985
  35   0.100000000   0.009297273   56102.8   79553.6  -0.000066807
