# stent penal reference
   1   0.000000000   0.011793685   94663.6  126546.7   0.000000000
   2   0.001127450   0.011793685   94663.6  126546.7   0.000000000
   3   0.002254900   0.011793685   94663.6  126546.7   0.000000000
   4   0.003382350   0.011793685   94663.6  126546.7   0.000000000
   5   0.004509800   0.011793685   94663.6  126546.7  -0.000000000
   6   0.006764701   0.011793685   94663.6  126546.7  -0.000000006
   7   0.009019601   0.011793685   94663.6  126546.7  -0.000000054
   8   0.011274501   0.011793684   94663.6  126546.7   0.000000207
   9   0.013529402   0.011793683   94663.7  126546.8   0.000000734
  10   0.016911758   0.011793721   94663.5  126547.4  -0.000016311
  11   0.020294062   0.011793593   94660.3  126541.7   0.000010313
  12   0.023676372   0.011792603   94683.8  126543.9   0.000657422
  13   0.027060835   0.011803145   94977.8  126915.1   0.004545072
  14   0.029324551   0.011866039   95861.5  128780.9   0.000279467
  15   0.031585017   0.012023514   97628.0  133167.7  -0.001693679
  16   0.032713159   0.012100329   98590.8  135434.1   0.002049444
  17   0.033843973   0.012157972   99575.2  136923.3   0.000436346
  18   0.034981441   0.012197553  100584.3  137365.8  -0.002780957
  19   0.036126665   0.012213723  100935.5  137085.0   0.003951616
  20   0.038423704   0.012176160   99884.1  136492.9   0.000100004
  21   0.040687854   0.012060654   97037.1  134966.7   0.000715020
  22   0.042900863   0.011881655   92886.1  131977.1   0.000169446
  23   0.045053473   0.011657474   88170.3  127602.0   0.003794903
  24   0.050207496   0.011032517   76762.5  114698.9   0.000258748
  25   0.055074957   0.010432026   67270.1  102322.3   0.000412929
  26   0.059748226   0.009939175   60372.4   91956.5  -0.000285751
  27   0.064307986   0.009585505   55920.6   84370.7  -0.000623550
  28   0.068808220   0.009357632   53300.6   79368.5  -0.000669669
  29   0.073279812   0.009223933   51871.0   76344.6  -0.000542594
  30   0.077738774   0.009151777   51142.2   74651.8  -0.000368860
  31   0.082192725   0.009115712   50794.2   73769.2  -0.000220222
  32   0.086644949   0.009098958   50638.8   73339.6  -0.000117994
  33   0.091096690   0.009091737   50574.2   73145.1  -0.000056613
  34   0.095548345   0.009088935   50550.0   73066.0  -0.000021995
  35   0.100000000   0.009088220   50542.7   73041.1  -0.000140207
# stent penal 1e8
   1   0.000000000   0.011781244   89361.2  125517.5  -0.000125445
   2   0.001099322   0.011781118   89358.9  125516.4   0.000002910
   3   0.002198606   0.011780762   89351.0  125513.5   0.000005931
   4   0.003297813   0.011780250   89338.2  125510.6   0.000009155
   5   0.004396904   0.011779706   89321.5  125511.3  -0.000007031
   6   0.006594559   0.011778853   89284.2  125524.7   0.000020157
   7   0.008791462   0.011778715   89249.2  125557.1   0.000027973
   8   0.010987612   0.011780084   89225.1  125622.0   0.000035356
   9   0.013183166   0.011784003   89244.1  125739.1  -0.000140885
  10   0.016476543   0.011794651   89363.7  125993.8   0.000038867
  11   0.019771953   0.011811144   89611.7  126312.1   0.000022262
  12   0.023073449   0.011835135   90084.7  126688.9  -0.000016984
  13   0.026387324   0.011867018   90834.2  127078.2   0.000213312
  14   0.028607767   0.011893209   91524.0  127315.9  -0.000136322
  15   0.030840238   0.011921940   92131.3  127422.2  -0.000542018
  16   0.031960039   0.011934372   92155.0  127329.1  -0.000155052
  17   0.033080431   0.011941556   91846.9  127041.1  -0.000147253
  18   0.034200263   0.011941012   91249.0  126543.7  -0.000142829
  19   0.035317963   0.011930427   91063.3  125972.2   0.001644534
  20   0.037566211   0.011890816   90888.4  124751.5  -0.000110451
  21   0.039806594   0.011835525   89570.8  123310.3  -0.000095699
  22   0.042032091   0.011761767   87879.2  121673.1  -0.000082708
  23   0.044236959   0.011667559   86325.9  119898.2   0.001919603
  24   0.049680222   0.011395682   82219.9  115129.4  -0.000017188
  25   0.054967956   0.011108774   77186.7  110138.9   0.000030053
  26   0.060091070   0.010811063   72157.9  105136.7   0.000072553
  27   0.065046934   0.010509613   67231.3  100168.4   0.000108777
  28   0.069838373   0.010213290   62504.8   95328.8   0.000136803
  29   0.074473345   0.009931785   58086.9   90741.0   0.000154391
  30   0.078964825   0.009674760   54094.6   86540.2   0.000159367
  31   0.083330436   0.009451171   50644.8   82863.2   0.000150338
  32   0.087591682   0.009268791   47843.7   79840.3   0.000127385
  33   0.091772872   0.009133901   45779.0   77587.0   0.000092329
  34   0.095900023   0.009051098   44514.4   76195.1   0.000048464
  35   0.100000000   0.009023183   44080.5   75635.6  -0.005557241
# stent penal 1e11
   1   0.000000000   0.011802908   72104.7  124394.9   0.000042291
   2   0.000986846   0.011802950   72106.8  124392.1  -0.000000013
   3   0.001973755   0.011803077   72115.5  124386.6  -0.000000026
   4   0.002960790   0.011803288   72129.9  124377.5  -0.000000039
   5   0.003948012   0.011803583   72090.2  124469.2  -0.000012004
   6   0.005916926   0.011804295   72022.6  124637.3  -0.000000079
   7   0.007887261   0.011805090   72084.4  124589.1  -0.000000103
   8   0.009859092   0.011805963   72149.9  124540.0  -0.000000128
   9   0.011832485   0.011806912   72210.0  124505.2  -0.000003551
  10   0.014794479   0.011808425   72305.7  124447.7  -0.000000192
  11   0.017760470   0.011810002   72418.6  124365.6  -0.000000231
  12   0.020730429   0.011811634   72531.3  124286.5  -0.000000271
  13   0.023704333   0.011813307   72645.2  124208.3   0.000000949
  14   0.025689185   0.011814446   72720.2  124158.9  -0.000000339
  15   0.027675725   0.011815601   72794.6  124111.1   0.000000222
  16   0.028669655   0.011816182   72833.8  124084.3  -0.000000381
  17   0.029664072   0.011816761   72876.4  124051.6  -0.000000394
  18   0.030659052   0.011817332   72923.2  124011.5  -0.000000398
  19   0.031654669   0.011817888   72963.9  123979.8   0.000002713
  20   0.033647032   0.011818969   73035.7  123929.0  -0.000000383
  21   0.035641368   0.011820017   73114.2  123865.8  -0.000000372
  22   0.037637705   0.011821019   73191.8  123800.6  -0.000000360
  23   0.039636041   0.011821963   73249.3  123764.6   0.000005793
  24   0.044635027   0.011824200   73362.2  123714.5  -0.000000324
  25   0.049641915   0.011826341   73490.1  123635.3  -0.000000295
  26   0.054656154   0.011828361   73608.0  123563.7  -0.000000267
  27   0.059677115   0.011830234   73714.9  123500.1  -0.000000238
  28   0.064704118   0.011831940   73810.0  123444.6  -0.000000208
  29   0.069736444   0.011833458   73893.0  123397.2  -0.000000179
  30   0.074773352   0.011834772   73963.3  123357.6  -0.000000150
  31   0.079814086   0.011835867   74021.0  123325.7  -0.000000120
  32   0.084857884   0.011836731   74065.9  123301.3  -0.000000090
  33   0.089903980   0.011837355   74098.0  123283.9  -0.000000060
  34   0.094951607   0.011837732   74117.3  123273.6  -0.000000030
  35   0.100000000   0.011837858   74122.6  123269.2   0.000025215
