# stent ratio media/adventitia reference 0.5
   1   0.000000000   0.011086375  108882.9  534322.7   0.000000000
   2   0.000959244   0.011086375  108882.9  534322.7   0.000000000
   3   0.001918488   0.011086375  108882.9  534322.7   0.000000000
   4   0.002877732   0.011086375  108882.9  534322.7   0.000000000
   5   0.003836977   0.011086375  108882.9  534322.7   0.000000000
   6   0.005755465   0.011086375  108882.9  534322.7   0.000000000
   7   0.007673953   0.011086375  108882.9  534322.7  -0.000000000
   8   0.009592441   0.011086375  108882.9  534322.7  -0.000000006
   9   0.011510930   0.011086375  108882.9  534322.8   0.000000000
  10   0.014388662   0.011086376  108882.9  534322.8  -0.000000052
  11   0.017266394   0.011086373  108882.8  534319.5  -0.000000657
  12   0.020144136   0.011086373  108881.3  534334.8   0.000006424
  13   0.023021857   0.011086549  108884.2  534513.3   0.000195287
  14   0.024939791   0.011086533  108893.3  533555.9   0.000621107
  15   0.026854476   0.011078052  108470.7  522250.5   0.002274780
  16   0.027806999   0.011059140  107640.9  499320.3   0.002881749
  17   0.028753634   0.011008113  105806.3  443410.8  -0.009755137
  18   0.029693046   0.010884521  102180.5  344781.8  -0.042672197
  19   0.030635255   0.010665265   96361.6  241104.6  -0.050532286
  20   0.032600937   0.010311651   91551.7  147794.0  -0.012902176
  21   0.034623945   0.010110704   90702.0  116639.3  -0.001917530
  22   0.036663315   0.010009169   90401.5  104876.5  -0.000156088
  23   0.038707802   0.009963460   90182.4  100516.5  -0.002596241
  24   0.043815524   0.009935517   90151.8   98277.2  -0.000390950
  25   0.048923864   0.009935811   90319.6   98261.0  -0.000042034
  26   0.054031445   0.009936648   90321.6   98321.2   0.000015537
  27   0.059139040   0.009936579   90315.8   98315.0   0.000000083
  28   0.064246663   0.009936551   90316.3   98313.4  -0.000000617
  29   0.069354283   0.009936557   90316.5   98313.9   0.000000069
  30   0.074461902   0.009936558   90316.4   98313.9   0.000000019
  31   0.079569522   0.009936557   90316.4   98313.8  -0.000000006
  32   0.084677141   0.009936557   90316.4   98313.8   0.000000000
  33   0.089784761   0.009936557   90316.4   98313.8   0.000000000
  34   0.094892380   0.009936557   90316.4   98313.8  -0.000000000
  35   0.100000000   0.009936557   90316.4   98313.8   0.000000000
# stent ratio media/adventitia 0.15
   1   0.000000000   0.011173741   98650.3  604503.3   0.000000000
   2   0.000945680   0.011173741   98650.3  604503.3   0.000000000
   3   0.001891360   0.011173741   98650.3  604503.3   0.000000001
   4   0.002837040   0.011173741   98650.3  604503.3   0.000000002
   5   0.003782721   0.011173741   98650.3  604503.3   0.000000004
   6   0.005674081   0.011173741   98650.3  604503.3   0.000000010
   7   0.007565441   0.011173741   98650.3  604503.2   0.000000007
   8   0.009456801   0.011173741   98650.3  604503.0  -0.000000107
   9   0.011348162   0.011173740   98650.4  604502.0  -0.000000945
  10   0.014185203   0.011173738   98650.3  604502.7  -0.000004911
  11   0.017022246   0.011173761   98647.8  604571.3   0.000024209
  12   0.019859245   0.011174053   98630.7  605022.5   0.000445171
  13   0.022695868   0.011174834   98550.3  605791.6   0.002944403
  14   0.024586192   0.011173722   98401.4  602171.6   0.007406309
  15   0.026475639   0.011156297   97615.1  576691.0   0.013507501
  16   0.027419842   0.011126972   96816.9  538729.9   0.012593076
  17   0.028364266   0.011063050   95989.6  466037.4  -0.005983153
  18   0.029308350   0.010932693   95091.1  359168.3  -0.046091089
  19   0.030252621   0.010722515   93115.6  255605.9  -0.056942340
  20   0.032199802   0.010371166   92803.4  159013.1  -0.016347556
  21   0.034203708   0.010142406   93656.4  122693.1  -0.000395031
  22   0.036235939   0.010002249   93881.6  106196.0   0.002029552
  23   0.038282136   0.009921580   93554.7   98271.8  -0.000833959
  24   0.043416381   0.009845913   93169.2   91611.0   0.000108311
  25   0.048559949   0.009834680   93490.1   90550.0   0.000092128
  26   0.053704213   0.009835350   93536.8   90597.9   0.000016573
  27   0.058848250   0.009835980   93532.0   90647.5  -0.000001369
  28   0.063992214   0.009836041   93528.9   90651.1  -0.000001071
  29   0.069136180   0.009836017   93528.7   90649.2  -0.000000043
  30   0.074280150   0.009836012   93528.9   90648.9   0.000000052
  31   0.079424120   0.009836013   93528.9   90649.0   0.000000005
  32   0.084568090   0.009836013   93528.9   90649.0  -0.000000002
  33   0.089712060   0.009836013   93528.9   90649.0  -0.000000000
  34   0.094856030   0.009836013   93528.9   90649.0   0.000000000
  35   0.100000000   0.009836013   93528.9   90649.0   0.000000000
# stent ratio media/adventitia 0.85
   1   0.000000000   0.011022730  149276.0  526248.8   0.000000001
   2   0.000989116   0.011022730  149276.0  526248.8  -0.000000003
   3   0.001978233   0.011022730  149276.0  526248.8  -0.000000005
   4   0.002967349   0.011022730  149276.1  526248.9  -0.000000006
   5   0.003956466   0.011022730  149276.1  526248.9  -0.000000006
   6   0.005934698   0.011022730  149276.1  526249.0  -0.000000003
   7   0.007912931   0.011022730  149276.1  526249.0   0.000000003
   8   0.009891164   0.011022730  149276.1  526248.9   0.000000003
   9   0.011869397   0.011022730  149276.0  526248.8   0.000000031
  10   0.014836746   0.011022731  149276.3  526249.5   0.000000056
  11   0.017804093   0.011022732  149276.1  526247.3  -0.000001456
  12   0.020771443   0.011022701  149268.8  526237.7   0.000010907
  13   0.023738899   0.011022927  149417.3  526708.2   0.000263228
  14   0.025716372   0.011023655  150332.3  526838.1   0.000199210
  15   0.027684894   0.011009630  153273.3  512071.8  -0.001483320
  16   0.028652723   0.010970436  151522.5  468031.4  -0.009371301
  17   0.029601624   0.010852970  135559.6  361126.5  -0.049178284
  18   0.030547370   0.010620094  106128.9  232972.7  -0.057769827
  19   0.031530618   0.010409632   87308.3  162821.6  -0.035813304
  20   0.033538359   0.010159051   77036.9  115337.4  -0.004766244
  21   0.035561072   0.010051712   75961.7  102022.7   0.000030389
  22   0.037580518   0.010015043   76916.0   98959.7   0.000254445
  23   0.039596545   0.010005123   77412.2   98340.7  -0.000476568
  24   0.044630705   0.010001981   77733.1   98209.9  -0.000078376
  25   0.049664332   0.010002484   77779.1   98252.6  -0.000002360
  26   0.054697876   0.010002615   77784.1   98271.4   0.000004156
  27   0.059731442   0.010002580   77780.8   98266.6   0.000000055
  28   0.064765013   0.010002572   77780.7   98265.7  -0.000000378
  29   0.069798583   0.010002576   77781.0   98266.3   0.000000051
  30   0.074832152   0.010002576   77781.0   98266.2   0.000000026
  31   0.079865722   0.010002575   77780.9   98266.2  -0.000000010
  32   0.084899291   0.010002575   77780.9   98266.2   0.000000000
  33   0.089932861   0.010002575   77780.9   98266.2   0.000000001
  34   0.094966430   0.010002575   77780.9   98266.2  -0.000000000
  35   0.100000000   0.010002575   77780.9   98266.2   0.000000001
