# stent stiffness reference 55kpa
   1   0.000000000   0.011793685   94663.6  126546.7   0.000000000
   2   0.001127450   0.011793685   94663.6  126546.7   0.000000000
   3   0.002254900   0.011793685   94663.6  126546.7   0.000000000
   4   0.003382350   0.011793685   94663.6  126546.7   0.000000000
   5   0.004509800   0.011793685   94663.6  126546.7  -0.000000000
   6   0.006764701   0.011793685   94663.6  126546.7  -0.000000006
   7   0.009019601   0.011793685   94663.6  126546.7  -0.000000054
   8   0.011274501   0.011793684   94663.6  126546.7   0.000000207
   9   0.013529402   0.011793683   94663.7  126546.8   0.000000734
  10   0.016911758   0.011793721   94663.5  126547.4  -0.000016311
  11   0.020294062   0.011793593   94660.3  126541.7   0.000010313
  12   0.023676372   0.011792603   94683.8  126543.9   0.000657422
  13   0.027060835   0.011803145   94977.8  126915.1   0.004545072
  14   0.029324551   0.011866039   95861.5  128780.9   0.000279467
  15   0.031585017   0.012023514   97628.0  133167.7  -0.001693679
  16   0.032713159   0.012100329   98590.8  135434.1   0.002049444
  17   0.033843973   0.012157972   99575.2  136923.3   0.000436346
  18   0.034981441   0.012197553  100584.3  137365.8  -0.002780957
  19   0.036126665   0.012213723  100935.5  137085.0   0.003951616
  20   0.038423704   0.012176160   99884.1  136492.9   0.000100004
  21   0.040687854   0.012060654   97037.1  134966.7   0.000715020
  22   0.042900863   0.011881655   92886.1  131977.1   0.000169446
  23   0.045053473   0.011657474   88170.3  127602.0   0.003794903
  24   0.050207496   0.011032517   76762.5  114698.9   0.000258748
  25   0.055074957   0.010432026   67270.1  102322.3   0.000412929
  26   0.059748226   0.009939175   60372.4   91956.5  -0.000285751
  27   0.064307986   0.009585505   55920.6   84370.7  -0.000623550
  28   0.068808220   0.009357632   53300.6   79368.5  -0.000669669
  29   0.073279812   0.009223933   51871.0   76344.6  -0.000542594
  30   0.077738774   0.009151777   51142.2   74651.8  -0.000368860
  31   0.082192725   0.009115712   50794.2   73769.2  -0.000220222
  32   0.086644949   0.009098958   50638.8   73339.6  -0.000117994
  33   0.091096690   0.009091737   50574.2   73145.1  -0.000056613
  34   0.095548345   0.009088935   50550.0   73066.0  -0.000021995
  35   0.100000000   0.009088220   50542.7   73041.1  -0.000140207
# stent stiffness 90kpa
   1   0.000000000   0.011868750   93859.5  130754.7   0.000000000
   2   0.001107422   0.011868750   93859.5  130754.7  -0.000000000
   3   0.002214844   0.011868750   93859.5  130754.7  -0.000000000
   4   0.003322267   0.011868750   93859.5  130754.7  -0.000000000
   5   0.004429689   0.011868750   93859.5  130754.7   0.000000001
   6   0.006644533   0.011868750   93859.5  130754.7   0.000000006
   7   0.008859378   0.011868750   93859.5  130754.7  -0.000000012
   8   0.011074222   0.011868750   93859.5  130754.7  -0.000000297
   9   0.013289065   0.011868746   93859.5  130754.6   0.000002310
  10   0.016611337   0.011868751   93859.7  130755.0  -0.000001393
  11   0.019933606   0.011868850   93858.1  130755.7  -0.000047877
  12   0.023255699   0.011868056   93860.0  130738.3   0.000350847
  13   0.026578982   0.011870087   94001.8  130850.8   0.003075960
  14   0.028800640   0.011907869   94560.7  132148.3   0.000512003
  15   0.031019244   0.012024177   95899.9  135652.6  -0.000661678
  16   0.032126916   0.012084250   96822.9  137410.4   0.001485747
  17   0.033239198   0.012132473   98180.7  138153.3  -0.001158954
  18   0.034365444   0.012169238   99901.2  137440.9  -0.005622897
  19   0.035509700   0.012185644  100826.8  136184.1   0.002563906
  20   0.037820840   0.012146820  100383.9  135070.4   0.000004317
  21   0.040102659   0.012027095   97585.3  133494.7   0.000837103
  22   0.042330576   0.011843089   93269.4  130574.5   0.000475598
  23   0.044494202   0.011616097   88419.0  126363.8   0.003490541
  24   0.049665717   0.010999975   76990.6  114141.7   0.000593198
  25   0.054547177   0.010430998   67804.2  102695.9   0.000446783
  26   0.059243130   0.009987563   61446.4   93414.6  -0.000405653
  27   0.063837993   0.009689170   57582.3   86922.2  -0.000744444
  28   0.068384194   0.009511460   55469.2   82888.5  -0.000715307
  29   0.072909511   0.009416687   54416.1   80627.9  -0.000518777
  30   0.077427000   0.009371118   53936.6   79477.1  -0.000312408
  31   0.081942050   0.009351316   53737.8   78943.7  -0.000162502
  32   0.086456544   0.009343557   53663.3   78719.3  -0.000074275
  33   0.090970995   0.009340839   53638.5   78634.1  -0.000029835
  34   0.095485486   0.009340008   53631.3   78605.7  -0.000009809
  35   0.100000000   0.009339835   53629.5   78598.0  -0.000033716
# stent stiffness 20kpa
   1   0.000000000   0.011467716   90593.4  117934.1  -0.000000000
   2   0.001121820   0.011467716   90593.4  117934.1  -0.000000000
   3   0.002243640   0.011467716   90593.4  117934.1  -0.000000000
   4   0.003365460   0.011467716   90593.4  117934.1  -0.000000000
   5   0.004487280   0.011467716   90593.4  117934.1   0.000000000
   6   0.006730920   0.011467716   90593.4  117934.1  -0.000000002
   7   0.008974560   0.011467716   90593.4  117934.1  -0.000000005
   8   0.011218199   0.011467715   90593.4  117934.1  -0.000000152
   9   0.013461839   0.011467713   90593.3  117934.0  -0.000000434
  10   0.016827294   0.011467684   90593.4  117933.6   0.000012104
  11   0.020192782   0.011467789   90609.5  117948.3   0.000273147
  12   0.023559176   0.011473210   90744.5  118147.6   0.000966169
  13   0.026929335   0.011512112   91339.3  119156.9   0.005127246
  14   0.029183424   0.011606851   92435.1  121433.6  -0.000068978
  15   0.031437033   0.011781872   94167.3  125578.1  -0.002423490
  16   0.032563564   0.011862039   94959.9  127639.3   0.001924531
  17   0.033692088   0.011920034   95489.4  129176.6   0.001134976
  18   0.034821909   0.011956987   95726.8  130137.9  -0.000019545
  19   0.035950627   0.011970766   95483.7  130533.3   0.004746746
  20   0.038199027   0.011939364   93959.3  130389.3   0.000333440
  21   0.040415007   0.011844053   91467.9  129114.4   0.000602401
  22   0.042589702   0.011695629   88193.2  126613.8  -0.000022475
  23   0.044716897   0.011507096   84528.2  122998.0   0.003421957
  24   0.049852357   0.010966616   75531.6  112246.7  -0.000069989
  25   0.054749604   0.010424317   67769.0  101626.3   0.000179483
  26   0.059472857   0.009953694   61838.2   92383.8  -0.000280429
  27   0.064083916   0.009591780   57755.6   85253.4  -0.000504499
  28   0.068628889   0.009338075   55158.3   80223.8  -0.000553487
  29   0.073137337   0.009173384   53602.9   76921.6  -0.000482702
  30   0.077626633   0.009073246   52716.9   74881.0  -0.000363653
  31   0.082106411   0.009015751   52234.3   73685.4  -0.000245913
  32   0.086581731   0.008984455   51982.6   73019.6  -0.000151650
  33   0.091055100   0.008968402   51858.1   72670.0  -0.000084024
  34   0.095527683   0.008961015   51802.3   72505.7  -0.000036725
  35   0.100000000   0.008958899   51784.4   72448.8  -0.000413060
