# stent error function reference
   1   0.000000000   0.011794401   93790.4  127396.0   0.000000000
   2   0.001117737   0.011794401   93790.4  127396.0   0.000000000
   3   0.002235473   0.011794401   93790.4  127396.0   0.000000000
   4   0.003353210   0.011794401   93790.4  127396.0   0.000000000
   5   0.004470947   0.011794401   93790.4  127396.0  -0.000000000
   6   0.006706420   0.011794401   93790.4  127396.0  -0.000000006
   7   0.008941893   0.011794401   93790.4  127396.0  -0.000000059
   8   0.011177366   0.011794400   93790.3  127396.0   0.000000151
   9   0.013412840   0.011794398   93790.4  127396.0   0.000001064
  10   0.016766057   0.011794436   93790.3  127396.7  -0.000015409
  11   0.020119224   0.011794337   93787.2  127391.4   0.000002441
  12   0.023472380   0.011793302   93806.1  127390.0   0.000634743
  13   0.026827581   0.011802993   94078.9  127748.5   0.004467212
  14   0.029071617   0.011864188   94947.5  129618.1   0.000386913
  15   0.031312469   0.012020512   96759.7  134044.0  -0.001134402
  16   0.032431445   0.012099299   97843.6  136326.6   0.001894562
  17   0.033554503   0.012161694   99088.0  137767.5   0.000087692
  18   0.034687111   0.012208280  100448.3  138074.6  -0.003449497
  19   0.035831067   0.012232664  101121.8  137710.5   0.003571267
  20   0.038133166   0.012211249  100574.8  137309.4   0.000082213
  21   0.040407617   0.012109805   98048.6  136077.5   0.000751738
  22   0.042633708   0.011942218   94090.3  133348.9   0.000156036
  23   0.044800673   0.011726270   89462.2  129156.9   0.004204405
  24   0.049991031   0.011111936   78058.3  116457.4   0.000224279
  25   0.054891349   0.010512743   68446.5  104064.2   0.000431813
  26   0.059592054   0.010015655   61383.0   93558.8  -0.000279670
  27   0.064174525   0.009655980   56784.3   85804.2  -0.000628142
  28   0.068694274   0.009422555   54058.5   80654.0  -0.000682436
  29   0.073183509   0.009284696   52561.8   77520.7  -0.000557550
  30   0.077659119   0.009209843   51794.3   75756.3  -0.000381617
  31   0.082129236   0.009172214   51425.7   74831.2  -0.000229194
  32   0.086597413   0.009154635   51260.2   74378.5  -0.000123467
  33   0.091065022   0.009147017   51191.0   74172.5  -0.000059531
  34   0.095532515   0.009144045   51164.9   74088.3  -0.000023218
  35   0.100000000   0.009143283   51157.1   74061.7  -0.000149252
# stent error function x1
   1   0.000000000   0.011793685   94663.6  126546.7   0.000000000
   2   0.001127450   0.011793685   94663.6  126546.7   0.000000000
   3   0.002254900   0.011793685   94663.6  126546.7   0.000000000
   4   0.003382350   0.011793685   94663.6  126546.7   0.000000000
   5   0.004509800   0.011793685   94663.6  126546.7  -0.000000000
   6   0.006764701   0.011793685   94663.6  126546.7  -0.000000006
   7   0.009019601   0.011793685   94663.6  126546.7  -0.000000054
   8   0.011274501   0.011793684   94663.6  126546.7   0.000000207
   9   0.013529402   0.011793683   94663.7  126546.8   0.000000734
  10   0.016911758   0.011793721   94663.5  126547.4  -0.000016311
  11   0.020294062   0.011793593   94660.3  126541.7   0.000010313
  12   0.023676372   0.011792603   94683.8  126543.9   0.000657422
  13   0.027060835   0.011803145   94977.8  126915.1   0.004545072
  14   0.029324551   0.011866039   95861.5  128780.9   0.000279467
  15   0.031585017   0.012023514   97628.0  133167.7  -0.001693679
  16   0.032713159   0.012100329   98590.8  135434.1   0.002049444
  17   0.033843973   0.012157972   99575.2  136923.3   0.000436346
  18   0.034981441   0.012197553  100584.3  137365.8  -0.002780957
  19   0.036126665   0.012213723  100935.5  137085.0   0.003951616
  20   0.038423704   0.012176160   99884.1  136492.9   0.000100004
  21   0.040687854   0.012060654   97037.1  134966.7   0.000715020
  22   0.042900863   0.011881655   92886.1  131977.1   0.000169446
  23   0.045053473   0.011657474   88170.3  127602.0   0.003794903
  24   0.050207496   0.011032517   76762.5  114698.9   0.000258748
  25   0.055074957   0.010432026   67270.1  102322.3   0.000412929
  26   0.059748226   0.009939175   60372.4   91956.5  -0.000285751
  27   0.064307986   0.009585505   55920.6   84370.7  -0.000623550
  28   0.068808220   0.009357632   53300.6   79368.5  -0.000669669
  29   0.073279812   0.009223933   51871.0   76344.6  -0.000542594
  30   0.077738774   0.009151777   51142.2   74651.8  -0.000368860
  31   0.082192725   0.009115712   50794.2   73769.2  -0.000220222
  32   0.086644949   0.009098958   50638.8   73339.6  -0.000117994
  33   0.091096690   0.009091737   50574.2   73145.1  -0.000056613
  34   0.095548345   0.009088935   50550.0   73066.0  -0.000021995
  35   0.100000000   0.009088220   50542.7   73041.1  -0.000140207
# stent error function x3
   1   0.000000000   0.011805379   93337.2  128019.5  -0.000000000
   2   0.001112658   0.011805379   93337.2  128019.5  -0.000000000
   3   0.002225315   0.011805379   93337.2  128019.5  -0.000000000
   4   0.003337973   0.011805379   93337.2  128019.5   0.000000000
   5   0.004450631   0.011805379   93337.2  128019.5   0.000000001
   6   0.006675946   0.011805379   93337.2  128019.5   0.000000000
   7   0.008901261   0.011805379   93337.2  128019.5  -0.000000066
   8   0.011126576   0.011805378   93337.2  128019.5  -0.000000110
   9   0.013351891   0.011805373   93337.2  128019.4   0.000002474
  10   0.016689873   0.011805406   93337.5  128020.4  -0.000011799
  11   0.020027819   0.011805416   93334.5  128017.1  -0.000028040
  12   0.023365663   0.011804211   93344.7  128003.9   0.000590819
  13   0.026705385   0.011811167   93587.6  128292.5   0.004470107
  14   0.028939429   0.011869720   94473.0  130108.2   0.000421702
  15   0.031171383   0.012028705   96410.9  134554.2  -0.000934146
  16   0.032286918   0.012110978   97632.0  136846.5   0.001686074
  17   0.033407940   0.012177890   99067.4  138270.3  -0.000132528
  18   0.034540270   0.012229436  100617.0  138563.1  -0.003708315
  19   0.035685439   0.012258670  101435.4  138239.2   0.003623516
  20   0.037992490   0.012245715  101080.1  138016.3   0.000112400
  21   0.040273484   0.012150992   98670.9  136958.3   0.000796321
  22   0.042506827   0.011988377   94772.3  134362.0   0.000167072
  23   0.044681148   0.011775705   90159.0  130249.0   0.004406159
  24   0.049888968   0.011164999   78709.9  117607.3   0.000214461
  25   0.054804066   0.010565847   69016.4  105174.2   0.000436854
  26   0.059516854   0.010067203   61870.3   94586.4  -0.000288964
  27   0.064109454   0.009705838   57210.1   86752.6  -0.000642501
  28   0.068638179   0.009471166   54446.2   81543.5  -0.000696319
  29   0.073135791   0.009332585   52928.8   78373.1  -0.000567812
  30   0.077619498   0.009257399   52151.2   76588.3  -0.000387833
  31   0.082097591   0.009219657   51778.4   75653.3  -0.000232363
  32   0.086573696   0.009202061   51611.3   75196.5  -0.000124829
  33   0.091049217   0.009194455   51541.7   74989.0  -0.000060013
  34   0.095524613   0.009191495   51515.4   74904.4  -0.000023348
  35   0.100000000   0.009190739   51507.6   74877.8  -0.000148270
