# stent ratio media/adventitia reference 0.5
   1   0.000000000   0.011794401   93790.4  127396.0   0.000000000
   2   0.001117737   0.011794401   93790.4  127396.0   0.000000000
   3   0.002235473   0.011794401   93790.4  127396.0   0.000000000
   4   0.003353210   0.011794401   93790.4  127396.0   0.000000000
   5   0.004470947   0.011794401   93790.4  127396.0  -0.000000000
   6   0.006706420   0.011794401   93790.4  127396.0  -0.000000006
   7   0.008941893   0.011794401   93790.4  127396.0  -0.000000059
   8   0.011177366   0.011794400   93790.3  127396.0   0.000000151
   9   0.013412840   0.011794398   93790.4  127396.0   0.000001064
  10   0.016766057   0.011794436   93790.3  127396.7  -0.000015409
  11   0.020119224   0.011794337   93787.2  127391.4   0.000002441
  12   0.023472380   0.011793302   93806.1  127390.0   0.000634743
  13   0.026827581   0.011802993   94078.9  127748.5   0.004467212
  14   0.029071617   0.011864188   94947.5  129618.1   0.000386913
  15   0.031312469   0.012020512   96759.7  134044.0  -0.001134402
  16   0.032431445   0.012099299   97843.6  136326.6   0.001894562
  17   0.033554503   0.012161694   99088.0  137767.5   0.000087692
  18   0.034687111   0.012208280  100448.3  138074.6  -0.003449497
  19   0.035831067   0.012232664  101121.8  137710.5   0.003571267
  20   0.038133166   0.012211249  100574.8  137309.4   0.000082213
  21   0.040407617   0.012109805   98048.6  136077.5   0.000751738
  22   0.042633708   0.011942218   94090.3  133348.9   0.000156036
  23   0.044800673   0.011726270   89462.2  129156.9   0.004204405
  24   0.049991031   0.011111936   78058.3  116457.4   0.000224279
  25   0.054891349   0.010512743   68446.5  104064.2   0.000431813
  26   0.059592054   0.010015655   61383.0   93558.8  -0.000279670
  27   0.064174525   0.009655980   56784.3   85804.2  -0.000628142
  28   0.068694274   0.009422555   54058.5   80654.0  -0.000682436
  29   0.073183509   0.009284696   52561.8   77520.7  -0.000557550
  30   0.077659119   0.009209843   51794.3   75756.3  -0.000381617
  31   0.082129236   0.009172214   51425.7   74831.2  -0.000229194
  32   0.086597413   0.009154635   51260.2   74378.5  -0.000123467
  33   0.091065022   0.009147017   51191.0   74172.5  -0.000059531
  34   0.095532515   0.009144045   51164.9   74088.3  -0.000023218
  35   0.100000000   0.009143283   51157.1   74061.7  -0.000149252
# stent ratio media/adventitia 0.15
   1   0.000000000   0.011783521   87012.0  126130.4   0.000000001
   2   0.001078946   0.011783521   87012.0  126130.4  -0.000000002
   3   0.002157892   0.011783521   87012.0  126130.4  -0.000000002
   4   0.003236838   0.011783521   87012.0  126130.4  -0.000000001
   5   0.004315784   0.011783521   87012.0  126130.4   0.000000004
   6   0.006473675   0.011783521   87012.0  126130.4   0.000000038
   7   0.008631567   0.011783521   87012.0  126130.4   0.000000095
   8   0.010789459   0.011783521   87012.0  126130.3  -0.000000096
   9   0.012947351   0.011783522   87012.1  126130.4  -0.000001470
  10   0.016184189   0.011783536   87011.5  126130.5  -0.000004663
  11   0.019421025   0.011783451   87011.5  126128.5   0.000021644
  12   0.022657861   0.011783148   87025.9  126141.3   0.000233388
  13   0.025894350   0.011788639   87122.8  126370.4   0.001024283
  14   0.028050949   0.011812600   87199.2  127125.2   0.000635051
  15   0.030203769   0.011868768   87218.1  128594.4  -0.000236722
  16   0.031279830   0.011896028   87419.8  129180.6   0.000462413
  17   0.032358998   0.011916876   88023.6  129360.0  -0.000561492
  18   0.033445097   0.011931022   88826.7  129035.1  -0.001626402
  19   0.034540860   0.011936443   89578.6  128309.9  -0.001015033
  20   0.036757750   0.011913592   89942.6  126910.3  -0.001125150
  21   0.038970189   0.011842737   88602.6  125682.9   0.000307568
  22   0.041151573   0.011730114   86074.0  123947.0   0.000300294
  23   0.043291827   0.011586358   83134.2  121546.2   0.003061469
  24   0.048473460   0.011177128   76028.7  114415.4   0.000516443
  25   0.053440666   0.010773456   69972.5  107252.7   0.000535935
  26   0.058256226   0.010431865   65510.0  100973.3  -0.000011216
  27   0.062977519   0.010175299   62525.0   96118.2  -0.000263497
  28   0.067645313   0.009998784   60677.5   92694.6  -0.000333965
  29   0.072285094   0.009885872   59604.0   90450.2  -0.000297820
  30   0.076911327   0.009818069   59013.6   89067.5  -0.000222922
  31   0.081531558   0.009779601   58704.6   88261.9  -0.000148406
  32   0.086149401   0.009758919   58550.5   87816.8  -0.000089833
  33   0.090766426   0.009748443   58477.6   87585.3  -0.000048885
  34   0.095383231   0.009743678   58446.3   87477.6  -0.000021078
  35   0.100000000   0.009742323   58436.4   87440.5  -0.000265205
# stent ratio media/adventitia 0.85
   1   0.000000000   0.011805111  104757.7  131546.9  -0.000000002
   2   0.001164688   0.011805111  104757.7  131546.9   0.000000000
   3   0.002329376   0.011805111  104757.7  131546.9   0.000000000
   4   0.003494064   0.011805111  104757.7  131546.9   0.000000001
   5   0.004658752   0.011805111  104757.7  131546.9  -0.000000040
   6   0.006988129   0.011805112  104757.9  131547.0  -0.000000390
   7   0.009317504   0.011805109  104758.2  131547.1  -0.000001846
   8   0.011646868   0.011805064  104754.1  131543.9   0.000011866
   9   0.013976285   0.011805073  104754.6  131546.0  -0.000022627
  10   0.017470513   0.011806219  104818.5  131593.5  -0.000438658
  11   0.020962894   0.011801119  104493.0  131299.7   0.001376291
  12   0.024459201   0.011790986  103626.8  131095.3   0.006541367
  13   0.027976861   0.011985536  108959.3  139281.6   0.025872198
  14   0.030318708   0.012485547  125020.9  160063.1  -0.001150301
  15   0.032676577   0.013043097  148823.4  189113.4  -0.003169911
  16   0.033885495   0.013276813  158052.4  200242.1   0.003681066
  17   0.035128629   0.013472103  164324.4  205113.0  -0.002026424
  18   0.036409130   0.013627153  169798.9  206694.2  -0.003338122
  19   0.037716220   0.013721670  172982.8  209161.4   0.013548261
  20   0.040355289   0.013744087  171771.8  211918.9  -0.000367649
  21   0.042949784   0.013581014  166098.1  208831.6  -0.000281627
  22   0.045460839   0.013253846  154169.4  198120.9  -0.003357869
  23   0.047851073   0.012791102  136786.1  180068.4   0.010932581
  24   0.053314602   0.011383341   94074.4  132585.8  -0.002169991
  25   0.058069057   0.009977251   66047.5   97748.1   0.003396500
  26   0.062397653   0.008833687   50397.1   73983.3   0.001906033
  27   0.066590807   0.008083116   43542.5   59622.5  -0.000287164
  28   0.070766187   0.007685671   41304.4   52297.5  -0.000943958
  29   0.074942234   0.007512811   40808.4   49178.5  -0.000716761
  30   0.079118501   0.007449047   40750.4   48035.3  -0.000369453
  31   0.083294703   0.007428810   40755.6   47662.5  -0.000156074
  32   0.087470953   0.007423547   40761.4   47555.5  -0.000058134
  33   0.091647274   0.007422689   40764.7   47531.9  -0.000018766
  34   0.095823632   0.007422781   40766.6   47530.1  -0.000004713
  35   0.100000000   0.007422870   40767.3   47531.1   0.000017838
