# stent penal reference
   1   0.000000000   0.011046048  106416.3  486766.4  -0.000000000
   2   0.000960656   0.011046048  106416.3  486766.4  -0.000000000
   3   0.001921311   0.011046048  106416.3  486766.4  -0.000000000
   4   0.002881967   0.011046048  106416.3  486766.4  -0.000000000
   5   0.003842622   0.011046048  106416.3  486766.4  -0.000000000
   6   0.005763934   0.011046048  106416.3  486766.4   0.000000000
   7   0.007685245   0.011046048  106416.3  486766.4   0.000000001
   8   0.009606556   0.011046048  106416.3  486766.4   0.000000002
   9   0.011527867   0.011046048  106416.3  486766.3  -0.000000001
  10   0.014409834   0.011046048  106416.3  486766.2   0.000000004
  11   0.017291799   0.011046045  106416.2  486770.3   0.000000771
  12   0.020173775   0.011046035  106416.1  486832.7   0.000011809
  13   0.023055745   0.011046206  106424.2  487153.4   0.000198979
  14   0.024976575   0.011046365  106445.6  486710.3   0.000672599
  15   0.026894300   0.011039206  106112.5  478272.0   0.002701079
  16   0.027848499   0.011022281  105428.4  459975.3   0.003856170
  17   0.028796955   0.010975051  103880.3  413315.3  -0.007683443
  18   0.029738600   0.010857611  100681.5  327263.9  -0.039772656
  19   0.030683335   0.010645823   95278.5  233126.0  -0.048155933
  20   0.032650711   0.010302716   90724.5  145681.1  -0.012373357
  21   0.034673054   0.010107471   89891.7  115809.7  -0.001864897
  22   0.036711086   0.010008903   89596.5  104445.9  -0.000159300
  23   0.038754025   0.009964625   89384.4  100230.8  -0.002528747
  24   0.043857899   0.009937657   89354.7   98070.9  -0.000379751
  25   0.048962366   0.009937969   89515.8   98056.8  -0.000040747
  26   0.054066098   0.009938780   89517.7   98115.0   0.000015177
  27   0.059169843   0.009938711   89512.0   98108.9   0.000000070
  28   0.064273615   0.009938684   89512.6   98107.4  -0.000000604
  29   0.069377385   0.009938690   89512.7   98107.9   0.000000068
  30   0.074481154   0.009938691   89512.7   98107.9   0.000000018
  31   0.079584923   0.009938690   89512.7   98107.9  -0.000000006
  32   0.084688693   0.009938690   89512.7   98107.9   0.000000000
  33   0.089792462   0.009938690   89512.7   98107.9   0.000000000
  34   0.094896231   0.009938690   89512.7   98107.9  -0.000000000
  35   0.100000000   0.009938690   89512.7   98107.9   0.000000000
# stent penal 1e8
   1   0.000000000   0.011044733  107401.0  485345.5   0.000067886
   2   0.000961638   0.011044794  107405.1  485435.6   0.000001246
   3   0.001923276   0.011044987  107413.4  485667.9   0.000002379
   4   0.002884912   0.011045340  107428.5  486090.0   0.000003265
   5   0.003846540   0.011045898  107450.9  486752.9  -0.000035965
   6   0.005769589   0.011047398  107510.2  488524.9   0.000001583
   7   0.007692469   0.011049237  107583.8  490674.0  -0.000003910
   8   0.009615119   0.011051373  107669.1  493148.3  -0.000013861
   9   0.011537471   0.011053517  107755.3  495597.1   0.000000119
  10   0.014420527   0.011055814  107842.3  498118.5  -0.000059228
  11   0.017303074   0.011055170  107776.7  497111.7  -0.000091125
  12   0.020185522   0.011047926  107377.0  488541.6  -0.000109153
  13   0.023068922   0.011029122  106187.2  467699.7  -0.000916955
  14   0.024990448   0.011002679  104915.4  441106.6  -0.000030466
  15   0.026915089   0.010957283  101926.0  399881.2  -0.002707342
  16   0.027873171   0.010920732  100821.3  371536.2   0.000194005
  17   0.028835106   0.010867252  100965.3  336310.3   0.000325862
  18   0.029802822   0.010800594  100950.5  298983.0   0.000462650
  19   0.030777653   0.010726878  100024.4  264164.9   0.000228370
  20   0.032742947   0.010580295   96814.4  210076.2   0.000334913
  21   0.034725271   0.010447424   93851.4  173933.7   0.000210758
  22   0.036721683   0.010338088   91519.1  150664.0   0.000133728
  23   0.038728737   0.010258875   90781.1  137155.3  -0.002999344
  24   0.043774704   0.010120064   90933.8  118297.5  -0.000014328
  25   0.048851915   0.010017671   90407.4  106214.2  -0.000069249
  26   0.053950556   0.009949365   90269.9   99158.5  -0.000090077
  27   0.059062404   0.009909423   90307.1   95415.5  -0.000090818
  28   0.064181191   0.009890948   90404.8   93857.2  -0.000080389
  29   0.069302524   0.009887203   90513.2   93687.3  -0.000064784
  30   0.074423612   0.009892346   90615.2   94319.3  -0.000048085
  31   0.079542939   0.009901730   90705.3   95317.8  -0.000032901
  32   0.084659941   0.009911934   90780.5   96367.0  -0.000020600
  33   0.089774720   0.009920627   90837.5   97249.6  -0.000011487
  34   0.094887811   0.009926355   90873.3   97828.3  -0.000005007
  35   0.100000000   0.009928344   90910.8   98082.5   0.000396092
# stent penal 1e11
   1   0.000000000   0.010908072  115789.2  376841.4  -0.000532177
   2   0.000978671   0.010907540  115794.2  376397.0   0.000000160
   3   0.001957450   0.010905947  115846.0  375334.2   0.000000321
   4   0.002936444   0.010903294  115932.7  373576.3   0.000000484
   5   0.003915762   0.010899586  118507.2  373204.4   0.000152614
   6   0.005886438   0.010890555  123529.9  371334.8   0.000000890
   7   0.007858505   0.010880501  123478.7  364681.1   0.000001188
   8   0.009832165   0.010869453  123464.2  357615.6   0.000001501
   9   0.011807612   0.010857450  123834.8  350497.9   0.000044986
  10   0.014776338   0.010838296  124283.2  339511.2   0.000002327
  11   0.017749147   0.010818323  124089.3  328122.1   0.000002877
  12   0.020726211   0.010797651  123896.8  316958.0   0.000003466
  13   0.023707613   0.010776433  123635.9  306053.8  -0.000012230
  14   0.025697500   0.010761992  123478.3  298979.1   0.000004532
  15   0.027689430   0.010747339  123319.2  292060.1  -0.000001303
  16   0.028686106   0.010739976  123145.0  288604.3   0.000005220
  17   0.029683189   0.010732651  122798.5  285094.9   0.000005435
  18   0.030680529   0.010725452  122235.3  281535.2   0.000005505
  19   0.031677964   0.010718470  121864.4  278276.7  -0.000039125
  20   0.033674085   0.010704960  121393.1  272309.7   0.000005169
  21   0.035671076   0.010691925  120519.9  266409.6   0.000004951
  22   0.037668641   0.010679533  119513.4  260828.6   0.000004747
  23   0.039666491   0.010667946  119196.5  256213.1  -0.000078794
  24   0.044670358   0.010640602  119274.2  246404.2   0.000003970
  25   0.049680570   0.010614528  118368.2  236896.7   0.000003493
  26   0.054696495   0.010590041  117475.1  228418.3   0.000003051
  27   0.059717522   0.010567420  116622.9  220951.8   0.000002639
  28   0.064743057   0.010546910  115833.2  214469.4   0.000002254
  29   0.069772518   0.010528722  115122.8  208938.4   0.000001891
  30   0.074805333   0.010513035  114504.2  204325.0   0.000001548
  31   0.079840934   0.010500001  113987.1  200597.8   0.000001220
  32   0.084878759   0.010489739  113578.5  197729.1   0.000000904
  33   0.089918249   0.010482344  113283.3  195696.6   0.000000598
  34   0.094958847   0.010477880  113105.0  194483.8   0.000000297
  35   0.100000000   0.010476388  113016.4  193984.7  -0.000298853
