# stent error function reference
   1   0.000000000   0.011086375  108882.9  534322.7   0.000000000
   2   0.000959244   0.011086375  108882.9  534322.7   0.000000000
   3   0.001918488   0.011086375  108882.9  534322.7   0.000000000
   4   0.002877732   0.011086375  108882.9  534322.7   0.000000000
   5   0.003836977   0.011086375  108882.9  534322.7   0.000000000
   6   0.005755465   0.011086375  108882.9  534322.7   0.000000000
   7   0.007673953   0.011086375  108882.9  534322.7  -0.000000000
   8   0.009592441   0.011086375  108882.9  534322.7  -0.000000006
   9   0.011510930   0.011086375  108882.9  534322.8   0.000000000
  10   0.014388662   0.011086376  108882.9  534322.8  -0.000000052
  11   0.017266394   0.011086373  108882.8  534319.5  -0.000000657
  12   0.020144136   0.011086373  108881.3  534334.8   0.000006424
  13   0.023021857   0.011086549  108884.2  534513.3   0.000195287
  14   0.024939791   0.011086533  108893.3  533555.9   0.000621107
  15   0.026854476   0.011078052  108470.7  522250.5   0.002274780
  16   0.027806999   0.011059140  107640.9  499320.3   0.002881749
  17   0.028753634   0.011008113  105806.3  443410.8  -0.009755137
  18   0.029693046   0.010884521  102180.5  344781.8  -0.042672197
  19   0.030635255   0.010665265   96361.6  241104.6  -0.050532286
  20   0.032600937   0.010311651   91551.7  147794.0  -0.012902176
  21   0.034623945   0.010110704   90702.0  116639.3  -0.001917530
  22   0.036663315   0.010009169   90401.5  104876.5  -0.000156088
  23   0.038707802   0.009963460   90182.4  100516.5  -0.002596241
  24   0.043815524   0.009935517   90151.8   98277.2  -0.000390950
  25   0.048923864   0.009935811   90319.6   98261.0  -0.000042034
  26   0.054031445   0.009936648   90321.6   98321.2   0.000015537
  27   0.059139040   0.009936579   90315.8   98315.0   0.000000083
  28   0.064246663   0.009936551   90316.3   98313.4  -0.000000617
  29   0.069354283   0.009936557   90316.5   98313.9   0.000000069
  30   0.074461902   0.009936558   90316.4   98313.9   0.000000019
  31   0.079569522   0.009936557   90316.4   98313.8  -0.000000006
  32   0.084677141   0.009936557   90316.4   98313.8   0.000000000
  33   0.089784761   0.009936557   90316.4   98313.8   0.000000000
  34   0.094892380   0.009936557   90316.4   98313.8  -0.000000000
  35   0.100000000   0.009936557   90316.4   98313.8   0.000000000
# stent error function x1
   1   0.000000000   0.011046048  106416.3  486766.4  -0.000000000
   2   0.000960656   0.011046048  106416.3  486766.4  -0.000000000
   3   0.001921311   0.011046048  106416.3  486766.4  -0.000000000
   4   0.002881967   0.011046048  106416.3  486766.4  -0.000000000
   5   0.003842622   0.011046048  106416.3  486766.4  -0.000000000
   6   0.005763934   0.011046048  106416.3  486766.4   0.000000000
   7   0.007685245   0.011046048  106416.3  486766.4   0.000000001
   8   0.009606556   0.011046048  106416.3  486766.4   0.000000002
   9   0.011527867   0.011046048  106416.3  486766.3  -0.000000001
  10   0.014409834   0.011046048  106416.3  486766.2   0.000000004
  11   0.017291799   0.011046045  106416.2  486770.3   0.000000771
  12   0.020173775   0.011046035  106416.1  486832.7   0.000011809
  13   0.023055745   0.011046206  106424.2  487153.4   0.000198979
  14   0.024976575   0.011046365  106445.6  486710.3   0.000672599
  15   0.026894300   0.011039206  106112.5  478272.0   0.002701079
  16   0.027848499   0.011022281  105428.4  459975.3   0.003856170
  17   0.028796955   0.010975051  103880.3  413315.3  -0.007683443
  18   0.029738600   0.010857611  100681.5  327263.9  -0.039772656
  19   0.030683335   0.010645823   95278.5  233126.0  -0.048155933
  20   0.032650711   0.010302716   90724.5  145681.1  -0.012373357
  21   0.034673054   0.010107471   89891.7  115809.7  -0.001864897
  22   0.036711086   0.010008903   89596.5  104445.9  -0.000159300
  23   0.038754025   0.009964625   89384.4  100230.8  -0.002528747
  24   0.043857899   0.009937657   89354.7   98070.9  -0.000379751
  25   0.048962366   0.009937969   89515.8   98056.8  -0.000040747
  26   0.054066098   0.009938780   89517.7   98115.0   0.000015177
  27   0.059169843   0.009938711   89512.0   98108.9   0.000000070
  28   0.064273615   0.009938684   89512.6   98107.4  -0.000000604
  29   0.069377385   0.009938690   89512.7   98107.9   0.000000068
  30   0.074481154   0.009938691   89512.7   98107.9   0.000000018
  31   0.079584923   0.009938690   89512.7   98107.9  -0.000000006
  32   0.084688693   0.009938690   89512.7   98107.9   0.000000000
  33   0.089792462   0.009938690   89512.7   98107.9   0.000000000
  34   0.094896231   0.009938690   89512.7   98107.9  -0.000000000
  35   0.100000000   0.009938690   89512.7   98107.9   0.000000000
# stent error function x3
   1   0.000000000   0.011086495  108890.1  534530.6   0.000000000
   2   0.000959237   0.011086495  108890.1  534530.6   0.000000000
   3   0.001918474   0.011086495  108890.1  534530.6   0.000000000
   4   0.002877711   0.011086495  108890.1  534530.6   0.000000000
   5   0.003836947   0.011086495  108890.1  534530.6   0.000000000
   6   0.005755421   0.011086495  108890.1  534530.6   0.000000000
   7   0.007673895   0.011086495  108890.1  534530.6  -0.000000001
   8   0.009592368   0.011086495  108890.1  534530.6  -0.000000007
   9   0.011510842   0.011086495  108890.1  534530.7   0.000000001
  10   0.014388553   0.011086495  108890.2  534530.8  -0.000000054
  11   0.017266262   0.011086493  108890.0  534526.7  -0.000000840
  12   0.020143982   0.011086492  108888.2  534535.3   0.000005577
  13   0.023021681   0.011086669  108889.8  534691.8   0.000193210
  14   0.024939599   0.011086647  108897.3  533707.0   0.000617980
  15   0.026854269   0.011078140  108472.4  522355.7   0.002267284
  16   0.027806785   0.011059204  107641.2  499392.9   0.002872614
  17   0.028753416   0.011008154  105805.4  443452.3  -0.009761173
  18   0.029692826   0.010884549  102178.9  344804.9  -0.042671479
  19   0.030635033   0.010665292   96359.9  241119.8  -0.050528784
  20   0.032600708   0.010311678   91550.0  147802.1  -0.012901865
  21   0.034623707   0.010110713   90699.8  116641.0  -0.001920257
  22   0.036663071   0.010009142   90398.8  104871.4  -0.000159356
  23   0.038707561   0.009963395   90179.1  100506.2  -0.002600567
  24   0.043815298   0.009935402   90148.1   98261.3  -0.000391497
  25   0.048923659   0.009935688   90316.2   98244.3  -0.000042249
  26   0.054031262   0.009936527   90318.2   98304.7   0.000015558
  27   0.059138876   0.009936458   90312.4   98298.5   0.000000093
  28   0.064246520   0.009936430   90312.9   98296.9  -0.000000619
  29   0.069354161   0.009936436   90313.1   98297.4   0.000000069
  30   0.074461800   0.009936437   90313.1   98297.4   0.000000019
  31   0.079569440   0.009936436   90313.1   98297.3  -0.000000006
  32   0.084677080   0.009936436   90313.1   98297.3   0.000000000
  33   0.089784720   0.009936436   90313.1   98297.3   0.000000000
  34   0.094892360   0.009936436   90313.1   98297.3  -0.000000000
  35   0.100000000   0.009936436   90313.1   98297.3   0.000000000
