# stent stiffness reference 55kpa
   1   0.000000000   0.011175093  115286.4  663140.2  -0.000000000
   2   0.000956627   0.011175093  115286.4  663140.2  -0.000000000
   3   0.001913254   0.011175093  115286.4  663140.2  -0.000000000
   4   0.002869881   0.011175093  115286.4  663140.2  -0.000000000
   5   0.003826509   0.011175093  115286.4  663140.2  -0.000000000
   6   0.005739763   0.011175093  115286.4  663140.2   0.000000000
   7   0.007653017   0.011175093  115286.4  663140.2   0.000000000
   8   0.009566271   0.011175093  115286.4  663140.2  -0.000000001
   9   0.011479526   0.011175092  115286.4  663140.2   0.000000001
  10   0.014349407   0.011175093  115286.4  663140.4   0.000000052
  11   0.017219288   0.011175093  115286.4  663139.1  -0.000000552
  12   0.020089171   0.011175083  115285.6  663139.7   0.000002636
  13   0.022959075   0.011175171  115287.2  663350.5   0.000151233
  14   0.024872074   0.011175597  115302.9  663367.8   0.000720591
  15   0.026782190   0.011171851  115023.9  656045.6   0.003628061
  16   0.027732494   0.011159771  114311.1  634974.5   0.005422838
  17   0.028675569   0.011118892  112331.6  569948.0  -0.008348633
  18   0.029607567   0.010997935  107744.5  433660.1  -0.051073595
  19   0.030535498   0.010754456   99898.3  283005.2  -0.062228759
  20   0.032488231   0.010355814   93787.4  158384.6  -0.016021851
  21   0.034510759   0.010128662   92801.8  120455.9  -0.002430309
  22   0.036553206   0.010013770   92451.8  106561.3  -0.000267867
  23   0.038601801   0.009962635   92197.2  101463.8  -0.003053493
  24   0.043718904   0.009933717   92185.8   98990.3  -0.000447838
  25   0.048836130   0.009935279   92390.7   99051.4  -0.000040544
  26   0.053952432   0.009936189   92387.0   99122.8   0.000020629
  27   0.059068803   0.009936024   92379.3   99110.2  -0.000000693
  28   0.064185210   0.009936002   92380.5   99108.8  -0.000000861
  29   0.069301609   0.009936013   92380.7   99109.6   0.000000160
  30   0.074418007   0.009936013   92380.6   99109.6   0.000000019
  31   0.079534405   0.009936012   92380.6   99109.5  -0.000000012
  32   0.084650804   0.009936012   92380.6   99109.5   0.000000001
  33   0.089767203   0.009936012   92380.6   99109.5   0.000000000
  34   0.094883601   0.009936012   92380.6   99109.5  -0.000000000
  35   0.100000000   0.009936012   92380.6   99109.5   0.000000000
# stent stiffness 90kpa
   1   0.000000000   0.011175093  115286.4  663140.2  -0.000000000
   2   0.000956627   0.011175093  115286.4  663140.2  -0.000000000
   3   0.001913254   0.011175093  115286.4  663140.2  -0.000000000
   4   0.002869881   0.011175093  115286.4  663140.2  -0.000000000
   5   0.003826509   0.011175093  115286.4  663140.2  -0.000000000
   6   0.005739763   0.011175093  115286.4  663140.2   0.000000000
   7   0.007653017   0.011175093  115286.4  663140.2   0.000000000
   8   0.009566271   0.011175093  115286.4  663140.2  -0.000000001
   9   0.011479526   0.011175092  115286.4  663140.2   0.000000001
  10   0.014349407   0.011175093  115286.4  663140.4   0.000000052
  11   0.017219288   0.011175093  115286.4  663139.1  -0.000000552
  12   0.020089171   0.011175083  115285.6  663139.7   0.000002636
  13   0.022959075   0.011175171  115287.2  663350.5   0.000151233
  14   0.024872074   0.011175597  115302.9  663367.8   0.000720591
  15   0.026782190   0.011171851  115023.9  656045.6   0.003628061
  16   0.027732494   0.011159771  114311.1  634974.5   0.005422838
  17   0.028675569   0.011118892  112331.6  569948.0  -0.008348633
  18   0.029607567   0.010997935  107744.5  433660.1  -0.051073595
  19   0.030535498   0.010754456   99898.3  283005.2  -0.062228759
  20   0.032488231   0.010355814   93787.4  158384.6  -0.016021851
  21   0.034510759   0.010128662   92801.8  120455.9  -0.002430309
  22   0.036553206   0.010013770   92451.8  106561.3  -0.000267867
  23   0.038601801   0.009962635   92197.2  101463.8  -0.003053493
  24   0.043718904   0.009933717   92185.8   98990.3  -0.000447838
  25   0.048836130   0.009935279   92390.7   99051.4  -0.000040544
  26   0.053952432   0.009936189   92387.0   99122.8   0.000020629
  27   0.059068803   0.009936024   92379.3   99110.2  -0.000000693
  28   0.064185210   0.009936002   92380.5   99108.8  -0.000000861
  29   0.069301609   0.009936013   92380.7   99109.6   0.000000160
  30   0.074418007   0.009936013   92380.6   99109.6   0.000000019
  31   0.079534405   0.009936012   92380.6   99109.5  -0.000000012
  32   0.084650804   0.009936012   92380.6   99109.5   0.000000001
  33   0.089767203   0.009936012   92380.6   99109.5   0.000000000
  34   0.094883601   0.009936012   92380.6   99109.5  -0.000000000
  35   0.100000000   0.009936012   92380.6   99109.5   0.000000000
# stent stiffness 20kpa
   1   0.000000000   0.010775751   92014.4  278832.2  -0.000000000
   2   0.000969915   0.010775751   92014.4  278832.2   0.000000000
   3   0.001939830   0.010775751   92014.4  278832.2   0.000000000
   4   0.002909745   0.010775751   92014.4  278832.2   0.000000000
   5   0.003879661   0.010775751   92014.4  278832.2   0.000000001
   6   0.005819491   0.010775751   92014.4  278832.2   0.000000001
   7   0.007759321   0.010775751   92014.4  278832.1  -0.000000004
   8   0.009699152   0.010775751   92014.4  278832.0  -0.000000050
   9   0.011638982   0.010775751   92014.4  278832.1  -0.000000018
  10   0.014548727   0.010775743   92013.9  278839.4   0.000001780
  11   0.017458478   0.010775725   92013.2  278903.2   0.000012121
  12   0.020368237   0.010775808   92023.0  279126.5   0.000023059
  13   0.023277613   0.010775188   92039.9  278965.3   0.000172072
  14   0.025215398   0.010769037   92028.5  275475.8   0.000211393
  15   0.027149413   0.010733235   91485.4  260114.9  -0.002111629
  16   0.028111868   0.010683641   90878.8  241453.2  -0.005986351
  17   0.029074443   0.010589279   89795.1  210838.2  -0.019282944
  18   0.030045036   0.010447536   87903.5  175185.0  -0.023689088
  19   0.031033862   0.010319865   86341.6  149046.2  -0.016199369
  20   0.033037766   0.010147478   84265.6  120485.5  -0.003947771
  21   0.035058436   0.010050164   83519.7  106942.2  -0.001178945
  22   0.037084814   0.009997755   83250.5  100577.0  -0.000462301
  23   0.039113842   0.009971170   83074.6   97757.8  -0.001793035
  24   0.044186323   0.009949244   82980.5   95724.0  -0.000273254
  25   0.049260522   0.009946465   83075.8   95455.0  -0.000062051
  26   0.054334522   0.009946694   83091.9   95477.0   0.000002853
  27   0.059408462   0.009946778   83090.5   95483.3   0.000001483
  28   0.064482402   0.009946776   83090.1   95482.9  -0.000000026
  29   0.069556345   0.009946773   83090.1   95482.7  -0.000000043
  30   0.074630288   0.009946773   83090.1   95482.7   0.000000001
  31   0.079704230   0.009946774   83090.1   95482.7   0.000000001
  32   0.084778173   0.009946774   83090.1   95482.7  -0.000000000
  33   0.089852115   0.009946774   83090.1   95482.7  -0.000000000
  34   0.094926058   0.009946774   83090.1   95482.7   0.000000000
  35   0.100000000   0.009946774   83090.1   95482.7   0.000000000
