# stent gain parameter reference 0.02
   1   0.000000000   0.011794401   93790.4  127396.0   0.000000000
   2   0.001117737   0.011794401   93790.4  127396.0   0.000000000
   3   0.002235473   0.011794401   93790.4  127396.0   0.000000000
   4   0.003353210   0.011794401   93790.4  127396.0   0.000000000
   5   0.004470947   0.011794401   93790.4  127396.0  -0.000000000
   6   0.006706420   0.011794401   93790.4  127396.0  -0.000000006
   7   0.008941893   0.011794401   93790.4  127396.0  -0.000000059
   8   0.011177366   0.011794400   93790.3  127396.0   0.000000151
   9   0.013412840   0.011794398   93790.4  127396.0   0.000001064
  10   0.016766057   0.011794436   93790.3  127396.7  -0.000015409
  11   0.020119224   0.011794337   93787.2  127391.4   0.000002441
  12   0.023472380   0.011793302   93806.1  127390.0   0.000634743
  13   0.026827581   0.011802993   94078.9  127748.5   0.004467212
  14   0.029071617   0.011864188   94947.5  129618.1   0.000386913
  15   0.031312469   0.012020512   96759.7  134044.0  -0.001134402
  16   0.032431445   0.012099299   97843.6  136326.6   0.001894562
  17   0.033554503   0.012161694   99088.0  137767.5   0.000087692
  18   0.034687111   0.012208280  100448.3  138074.6  -0.003449497
  19   0.035831067   0.012232664  101121.8  137710.5   0.003571267
  20   0.038133166   0.012211249  100574.8  137309.4   0.000082213
  21   0.040407617   0.012109805   98048.6  136077.5   0.000751738
  22   0.042633708   0.011942218   94090.3  133348.9   0.000156036
  23   0.044800673   0.011726270   89462.2  129156.9   0.004204405
  24   0.049991031   0.011111936   78058.3  116457.4   0.000224279
  25   0.054891349   0.010512743   68446.5  104064.2   0.000431813
  26   0.059592054   0.010015655   61383.0   93558.8  -0.000279670
  27   0.064174525   0.009655980   56784.3   85804.2  -0.000628142
  28   0.068694274   0.009422555   54058.5   80654.0  -0.000682436
  29   0.073183509   0.009284696   52561.8   77520.7  -0.000557550
  30   0.077659119   0.009209843   51794.3   75756.3  -0.000381617
  31   0.082129236   0.009172214   51425.7   74831.2  -0.000229194
  32   0.086597413   0.009154635   51260.2   74378.5  -0.000123467
  33   0.091065022   0.009147017   51191.0   74172.5  -0.000059531
  34   0.095532515   0.009144045   51164.9   74088.3  -0.000023218
  35   0.100000000   0.009143283   51157.1   74061.7  -0.000149252
# stent gain parameter 0.01
   1   0.000000000   0.011825534  106022.6  120276.9  -0.000000000
   2   0.001244029   0.011825534  106022.6  120276.9   0.000000000
   3   0.002488058   0.011825534  106022.6  120276.9   0.000000001
   4   0.003732087   0.011825534  106022.6  120276.9   0.000000006
   5   0.004976116   0.011825534  106022.6  120276.9   0.000000004
   6   0.007464174   0.011825534  106022.6  120276.9  -0.000000204
   7   0.009952232   0.011825533  106022.5  120276.9  -0.000001934
   8   0.012440285   0.011825505  106022.4  120276.4   0.000010954
   9   0.014928360   0.011825521  106025.3  120278.9  -0.000013784
  10   0.018660534   0.011826337  106013.6  120277.6  -0.000414603
  11   0.022391680   0.011821387  105947.6  120172.1   0.001687089
  12   0.026125715   0.011820322  106304.0  120812.9   0.006633917
  13   0.029871356   0.012033586  110139.6  126884.7   0.021514186
  14   0.032364449   0.012512121  115875.2  137795.3  -0.006136325
  15   0.034873356   0.012993815  122783.5  150869.3  -0.008842025
  16   0.036146550   0.013165631  125524.8  156136.2   0.005029917
  17   0.037432063   0.013282681  127246.1  159786.8   0.002199360
  18   0.038723163   0.013354253  128186.4  161880.1  -0.001364475
  19   0.040015171   0.013374147  127705.8  162497.2   0.010543977
  20   0.042576519   0.013280799  123653.1  161758.2  -0.000129711
  21   0.045053843   0.013047421  116885.0  158153.7   0.000753475
  22   0.047423853   0.012703071  108113.2  151504.3  -0.000564708
  23   0.049672956   0.012282165   98503.1  142269.4   0.006937368
  24   0.054849378   0.011134344   76471.5  116933.0   0.000196786
  25   0.059484910   0.010052674   59615.6   94539.4   0.002201830
  26   0.063780030   0.009170651   48241.5   76771.3   0.001562133
  27   0.067904834   0.008539984   41422.0   64249.2   0.000765895
  28   0.071956245   0.008136183   37687.1   56286.1   0.000196645
  29   0.075977554   0.007900960   35767.5   51646.9  -0.000066267
  30   0.079986570   0.007774139   34823.4   49127.0  -0.000135325
  31   0.083990797   0.007709972   34375.6   47832.6  -0.000119662
  32   0.087993400   0.007679271   34171.2   47199.2  -0.000081708
  33   0.091995601   0.007665410   34082.3   46905.0  -0.000046822
  34   0.095997781   0.007659721   34047.0   46780.7  -0.000020553
  35   0.100000000   0.007658205   34035.6   46740.3  -0.000301323
# stent gain parameter 0.03
   1   0.000000000   0.011768489   88290.0  134147.6   0.000000000
   2   0.001043446   0.011768489   88290.0  134147.6  -0.000000000
   3   0.002086892   0.011768489   88290.0  134147.6  -0.000000000
   4   0.003130337   0.011768489   88290.0  134147.6  -0.000000000
   5   0.004173783   0.011768489   88290.0  134147.6  -0.000000000
   6   0.006260675   0.011768489   88290.0  134147.6  -0.000000000
   7   0.008347566   0.011768489   88290.0  134147.6  -0.000000000
   8   0.010434458   0.011768489   88290.0  134147.6  -0.000000004
   9   0.012521350   0.011768489   88290.0  134147.6   0.000000042
  10   0.015651687   0.011768489   88290.0  134147.6  -0.000000122
  11   0.018782024   0.011768490   88290.1  134147.4  -0.000001892
  12   0.021912364   0.011768453   88288.5  134147.0   0.000018769
  13   0.025042694   0.011768634   88303.1  134159.4   0.000196075
  14   0.027130377   0.011771432   88429.2  134286.2   0.000236495
  15   0.029220726   0.011785984   88879.0  134579.2   0.001316762
  16   0.030269819   0.011802026   89370.3  134708.8   0.000257770
  17   0.031323759   0.011820108   90266.5  134300.8  -0.001936923
  18   0.032390107   0.011837424   91500.6  132979.9  -0.005664207
  19   0.033472463   0.011846737   92293.3  131419.0  -0.000751172
  20   0.035666382   0.011826081   92625.6  129957.5  -0.000499627
  21   0.037856416   0.011756637   91389.9  128664.1   0.000163140
  22   0.040023184   0.011645960   89071.5  126661.4  -0.000101365
  23   0.042157491   0.011503781   86276.4  123883.6   0.002528827
  24   0.047361601   0.011095386   79218.7  115700.1  -0.000006547
  25   0.052387761   0.010691822   73069.6  107678.2  -0.000009370
  26   0.057284629   0.010353679   68432.7  100819.8  -0.000479243
  27   0.062100131   0.010106916   65344.3   95702.5  -0.000648008
  28   0.066869943   0.009945570   63480.3   92267.5  -0.000610650
  29   0.071616484   0.009849701   62445.1   90159.9  -0.000467207
  30   0.076352252   0.009797454   61912.2   88967.6  -0.000307902
  31   0.081083521   0.009771179   61657.1   88342.9  -0.000180105
  32   0.085813119   0.009758947   61543.5   88039.0  -0.000094944
  33   0.090542182   0.009753685   61496.6   87902.2  -0.000044911
  34   0.095271104   0.009751653   61479.2   87847.0  -0.000017253
  35   0.100000000   0.009751137   61474.1   87829.8  -0.000100098
# stent gain parameter 0.04
   1   0.000000000   0.011743179   85495.1  141492.3  -0.000000000
   2   0.000987042   0.011743179   85495.1  141492.3   0.000000000
   3   0.001974084   0.011743179   85495.1  141492.3   0.000000000
   4   0.002961126   0.011743179   85495.1  141492.3   0.000000000
   5   0.003948169   0.011743179   85495.1  141492.3   0.000000000
   6   0.005922253   0.011743179   85495.1  141492.3   0.000000000
   7   0.007896337   0.011743179   85495.1  141492.3   0.000000000
   8   0.009870422   0.011743179   85495.1  141492.3  -0.000000006
   9   0.011844506   0.011743179   85495.1  141492.3   0.000000015
  10   0.014805632   0.011743179   85495.2  141492.3   0.000000149
  11   0.017766761   0.011743182   85495.2  141492.2  -0.000001365
  12   0.020727889   0.011743176   85491.3  141492.2   0.000001034
  13   0.023688862   0.011743077   85491.6  141500.8   0.000001409
  14   0.025662829   0.011742921   85667.8  141496.6  -0.000223304
  15   0.027641310   0.011742488   86234.6  141021.3  -0.001439054
  16   0.028637348   0.011741470   86985.1  140088.6  -0.003146831
  17   0.029645822   0.011737311   88299.1  138147.9  -0.004459281
  18   0.030674651   0.011728382   89727.7  135321.7  -0.007085712
  19   0.031724298   0.011715974   90541.2  132648.0  -0.003997065
  20   0.033859709   0.011671830   91217.7  130068.3  -0.001267304
  21   0.036004133   0.011600648   90555.4  128270.2  -0.000544677
  22   0.038139282   0.011506381   88978.0  126207.0  -0.000534086
  23   0.040257223   0.011393953   87014.2  123761.0   0.001028676
  24   0.045476197   0.011082760   81959.7  117071.7  -0.000293615
  25   0.050587101   0.010779572   77461.3  110679.6  -0.000312478
  26   0.055616889   0.010525312   73985.0  105244.4  -0.000567020
  27   0.060594231   0.010337756   71607.9  101160.0  -0.000617483
  28   0.065541478   0.010213111   70133.0   98379.7  -0.000538266
  29   0.070473199   0.010137545   69291.1   96642.4  -0.000400078
  30   0.075397716   0.010095409   68845.7   95638.7  -0.000262073
  31   0.080319254   0.010073681   68626.7   95100.4  -0.000154255
  32   0.085239718   0.010063289   68526.4   94832.1  -0.000082405
  33   0.090159861   0.010058690   68483.8   94708.1  -0.000039638
  34   0.095079933   0.010056864   68467.6   94656.9  -0.000015464
  35   0.100000000   0.010056391   68462.6   94640.7  -0.000092002
