# stent oversizing reference 20%
   1   0.000000000   0.011046048  106416.3  486766.4  -0.000000000
   2   0.000960656   0.011046048  106416.3  486766.4  -0.000000000
   3   0.001921311   0.011046048  106416.3  486766.4  -0.000000000
   4   0.002881967   0.011046048  106416.3  486766.4  -0.000000000
   5   0.003842622   0.011046048  106416.3  486766.4  -0.000000000
   6   0.005763934   0.011046048  106416.3  486766.4   0.000000000
   7   0.007685245   0.011046048  106416.3  486766.4   0.000000001
   8   0.009606556   0.011046048  106416.3  486766.4   0.000000002
   9   0.011527867   0.011046048  106416.3  486766.3  -0.000000001
  10   0.014409834   0.011046048  106416.3  486766.2   0.000000004
  11   0.017291799   0.011046045  106416.2  486770.3   0.000000771
  12   0.020173775   0.011046035  106416.1  486832.7   0.000011809
  13   0.023055745   0.011046206  106424.2  487153.4   0.000198979
  14   0.024976575   0.011046365  106445.6  486710.3   0.000672599
  15   0.026894300   0.011039206  106112.5  478272.0   0.002701079
  16   0.027848499   0.011022281  105428.4  459975.3   0.003856170
  17   0.028796955   0.010975051  103880.3  413315.3  -0.007683443
  18   0.029738600   0.010857611  100681.5  327263.9  -0.039772656
  19   0.030683335   0.010645823   95278.5  233126.0  -0.048155933
  20   0.032650711   0.010302716   90724.5  145681.1  -0.012373357
  21   0.034673054   0.010107471   89891.7  115809.7  -0.001864897
  22   0.036711086   0.010008903   89596.5  104445.9  -0.000159300
  23   0.038754025   0.009964625   89384.4  100230.8  -0.002528747
  24   0.043857899   0.009937657   89354.7   98070.9  -0.000379751
  25   0.048962366   0.009937969   89515.8   98056.8  -0.000040747
  26   0.054066098   0.009938780   89517.7   98115.0   0.000015177
  27   0.059169843   0.009938711   89512.0   98108.9   0.000000070
  28   0.064273615   0.009938684   89512.6   98107.4  -0.000000604
  29   0.069377385   0.009938690   89512.7   98107.9   0.000000068
  30   0.074481154   0.009938691   89512.7   98107.9   0.000000018
  31   0.079584923   0.009938690   89512.7   98107.9  -0.000000006
  32   0.084688693   0.009938690   89512.7   98107.9   0.000000000
  33   0.089792462   0.009938690   89512.7   98107.9   0.000000000
  34   0.094896231   0.009938690   89512.7   98107.9  -0.000000000
  35   0.100000000   0.009938690   89512.7   98107.9   0.000000000
# stent oversizing 5%
   1   0.000000000   0.010280656   76744.8  129438.6   0.000001213
   2   0.000989678   0.010280655   76744.8  129438.8   0.000000010
   3   0.001979355   0.010280650   76744.8  129439.4   0.000000009
   4   0.002969033   0.010280643   76744.9  129440.4  -0.000000034
   5   0.003958711   0.010280630   76744.9  129442.0  -0.000000141
   6   0.005938069   0.010280590   76745.0  129447.6   0.000000869
   7   0.007917431   0.010280517   76745.3  129457.5   0.000001702
   8   0.009896799   0.010280396   76745.8  129474.5   0.000002819
   9   0.011876179   0.010280200   76746.3  129503.0   0.000002536
  10   0.014845299   0.010279711   76747.9  129575.9   0.000011896
  11   0.017814507   0.010278893   76752.1  129696.7   0.000019034
  12   0.020783883   0.010277660   76758.1  129883.7   0.000030282
  13   0.023753499   0.010276269   76769.6  130180.0   0.000168515
  14   0.025733050   0.010275356   76799.1  130413.3   0.000479081
  15   0.027711014   0.010269384   76747.3  129963.5   0.001242885
  16   0.028697925   0.010257573   76652.9  128362.8   0.000437328
  17   0.029684561   0.010227943   76467.3  124033.0  -0.006061373
  18   0.030674833   0.010175048   75987.9  116868.2  -0.009064328
  19   0.031671699   0.010125414   75589.9  110556.6  -0.005998494
  20   0.033673917   0.010058072   75093.9  102664.1  -0.001184192
  21   0.035681440   0.010021106   74928.7   98537.2  -0.000298859
  22   0.037690541   0.010002134   74849.5   96503.4  -0.000139229
  23   0.039700361   0.009992889   74790.3   95557.5  -0.000598761
  24   0.044724708   0.009985201   74747.5   94775.0  -0.000097116
  25   0.049749743   0.009983946   74770.8   94613.1  -0.000027474
  26   0.054774776   0.009983881   74776.8   94599.8  -0.000002077
  27   0.059799802   0.009983887   74777.3   94600.1   0.000000039
  28   0.064824827   0.009983890   74777.3   94600.4   0.000000039
  29   0.069849852   0.009983891   74777.3   94600.5   0.000000010
  30   0.074874876   0.009983891   74777.3   94600.5   0.000000002
  31   0.079899901   0.009983891   74777.3   94600.5  -0.000000000
  32   0.084924926   0.009983891   74777.3   94600.5  -0.000000000
  33   0.089949951   0.009983891   74777.3   94600.5  -0.000000000
  34   0.094974975   0.009983891   74777.3   94600.5   0.000000000
  35   0.100000000   0.009983891   74777.3   94600.5   0.000000000
# stent oversizing 10%
   1   0.000000000   0.010589021   86084.9  203261.9  -0.000000000
   2   0.000977972   0.010589021   86084.9  203261.9  -0.000000000
   3   0.001955945   0.010589021   86084.9  203261.9  -0.000000000
   4   0.002933917   0.010589021   86084.9  203261.9  -0.000000000
   5   0.003911889   0.010589021   86084.9  203261.9  -0.000000001
   6   0.005867834   0.010589021   86084.9  203261.9  -0.000000002
   7   0.007823778   0.010589021   86084.9  203261.9  -0.000000000
   8   0.009779723   0.010589021   86084.9  203262.0   0.000000048
   9   0.011735667   0.010589022   86085.0  203262.1   0.000000056
  10   0.014669584   0.010589026   86085.1  203259.9  -0.000000604
  11   0.017603496   0.010589012   86083.7  203254.0   0.000000342
  12   0.020537430   0.010588953   86077.1  203327.2   0.000022668
  13   0.023471292   0.010588983   86090.3  203776.6   0.000405738
  14   0.025426170   0.010587716   86158.1  203839.1   0.001022536
  15   0.027377341   0.010570590   85908.9  199496.0   0.001422660
  16   0.028348288   0.010539726   85488.0  190713.5  -0.001711398
  17   0.029318178   0.010469007   84693.0  171887.0  -0.017559185
  18   0.030294487   0.010348584   83054.9  146300.2  -0.023734652
  19   0.031286731   0.010237182   81831.4  127382.0  -0.015402627
  20   0.033294078   0.010090995   80611.8  108170.1  -0.002214705
  21   0.035314708   0.010019023   80426.2  100589.3   0.000294642
  22   0.037337665   0.009990066   80407.0   98156.5   0.000473099
  23   0.039360383   0.009980981   80410.9   97604.1  -0.000176485
  24   0.044414096   0.009978585   80432.7   97559.9  -0.000047262
  25   0.049467402   0.009979199   80441.0   97591.0   0.000007638
  26   0.054520637   0.009979188   80437.7   97587.9   0.000000635
  27   0.059573902   0.009979163   80438.0   97587.2  -0.000000491
  28   0.064627165   0.009979169   80438.1   97587.5   0.000000080
  29   0.069680427   0.009979169   80438.0   97587.5   0.000000004
  30   0.074733689   0.009979168   80438.0   97587.5  -0.000000005
  31   0.079786951   0.009979168   80438.0   97587.5   0.000000001
  32   0.084840213   0.009979168   80438.0   97587.5  -0.000000000
  33   0.089893476   0.009979168   80438.0   97587.5  -0.000000000
  34   0.094946738   0.009979168   80438.0   97587.5   0.000000000
  35   0.100000000   0.009979168   80438.0   97587.5  -0.000000000
# stent oversizing 15%
   1   0.000000000   0.010851088   96253.4  323749.4   0.000000000
   2   0.000967800   0.010851088   96253.4  323749.4  -0.000000000
   3   0.001935601   0.010851088   96253.4  323749.4  -0.000000000
   4   0.002903401   0.010851088   96253.4  323749.4  -0.000000000
   5   0.003871202   0.010851088   96253.4  323749.4   0.000000000
   6   0.005806802   0.010851088   96253.4  323749.4   0.000000000
   7   0.007742403   0.010851088   96253.4  323749.4   0.000000000
   8   0.009678004   0.010851088   96253.4  323749.4  -0.000000007
   9   0.011613605   0.010851088   96253.4  323749.4  -0.000000008
  10   0.014517006   0.010851088   96253.4  323749.4  -0.000000013
  11   0.017420406   0.010851082   96253.3  323749.5   0.000000070
  12   0.020323822   0.010851089   96252.7  323765.8   0.000004662
  13   0.023227213   0.010851351   96256.0  323843.1   0.000160742
  14   0.025162271   0.010851409   96276.0  323306.0   0.000588075
  15   0.027094555   0.010843687   96029.9  317993.3   0.002384738
  16   0.028056696   0.010827067   95593.8  307862.1   0.003864933
  17   0.029014613   0.010783755   94746.2  283447.1  -0.004441347
  18   0.029968975   0.010683182   93015.4  238501.8  -0.028708043
  19   0.030929639   0.010509713   89568.2  185708.0  -0.035851924
  20   0.032910272   0.010228914   86261.4  129658.0  -0.008971353
  21   0.034931987   0.010072396   85684.5  108849.5  -0.000861333
  22   0.036964518   0.009997986   85508.6  101161.2   0.000284725
  23   0.038999622   0.009967308   85391.2   98513.0  -0.001501328
  24   0.044083252   0.009950647   85379.8   97259.6  -0.000243876
  25   0.049166979   0.009951166   85471.8   97262.0  -0.000020847
  26   0.054250252   0.009951629   85471.9   97295.6   0.000009070
  27   0.059333545   0.009951579   85468.8   97291.9  -0.000000018
  28   0.064416854   0.009951565   85469.1   97291.0  -0.000000355
  29   0.069500161   0.009951568   85469.2   97291.3   0.000000037
  30   0.074583467   0.009951569   85469.2   97291.3   0.000000013
  31   0.079666774   0.009951568   85469.2   97291.3  -0.000000004
  32   0.084750080   0.009951568   85469.2   97291.3  -0.000000000
  33   0.089833387   0.009951568   85469.2   97291.3   0.000000000
  34   0.094916693   0.009951568   85469.2   97291.3  -0.000000000
  35   0.100000000   0.009951568   85469.2   97291.3   0.000000000
