# stent material 15/15
   1   0.0000000000   0.0108389089   84789.444  295449.265   0.0000000000
   2   0.0009719102   0.0108389089   84789.444  295449.265   0.0000000000
   3   0.0019438203   0.0108389089   84789.444  295449.265   0.0000000000
   4   0.0029157305   0.0108389089   84789.444  295449.265   0.0000000000
   5   0.0038876407   0.0108389089   84789.444  295449.265  -0.0000000000
   6   0.0058314610   0.0108389089   84789.444  295449.265  -0.0000000000
   7   0.0077752814   0.0108389089   84789.444  295449.265   0.0000000007
   8   0.0097191017   0.0108389089   84789.444  295449.265   0.0000000092
   9   0.0116629221   0.0108389089   84789.450  295449.285  -0.0000000737
  10   0.0145786525   0.0108389088   84789.431  295449.180   0.0000002751
  11   0.0174943835   0.0108389091   84789.289  295449.178   0.0000005741
  12   0.0204101132   0.0108389126   84791.550  295453.921  -0.0000180810
  13   0.0233258294   0.0108388563   84914.924  295574.745  -0.0018313497
  14   0.0252678147   0.0108351110   85742.267  294213.707  -0.0098790503
  15   0.0272061060   0.0108047380   85942.352  278814.483  -0.0312766160
  16   0.0281575139   0.0107492384   87233.930  252859.344  -0.0440797490
  17   0.0291105222   0.0106234309   86260.598  204046.709  -0.0186198185
  18   0.0300938873   0.0104676602   82892.686  159758.770   0.0113011537
  19   0.0311004127   0.0103536692   82313.549  136788.777   0.0181929592
  20   0.0331213183   0.0102195130   79101.494  113956.421   0.0129767463
  21   0.0351510141   0.0101542884   77603.834  104545.832   0.0060639651
  22   0.0371819844   0.0101236861   76909.361  100419.653   0.0031269314
  23   0.0392138005   0.0101097308   76720.625   98696.739   0.0013829740
  24   0.0442916401   0.0100991197   76388.942   97280.110   0.0005726312
  25   0.0493704457   0.0100975565   76333.739   97072.729   0.0000118106
  26   0.0544491456   0.0100975468   76333.401   97071.999  -0.0000018337
  27   0.0595278389   0.0100975520   76333.626   97072.852  -0.0000001493
  28   0.0646065324   0.0100975522   76333.638   97072.897   0.0000000012
  29   0.0696852259   0.0100975522   76333.638   97072.895   0.0000000013
  30   0.0747639194   0.0100975522   76333.637   97072.894   0.0000000001
  31   0.0798426130   0.0100975522   76333.637   97072.894  -0.0000000000
  32   0.0849213065   0.0100975522   76333.637   97072.894  -0.0000000000
  33   0.0900000000   0.0100975522   76333.637   97072.894   0.0000000000
# stent material 15/72
   1   0.0000000000   0.0108176642   95183.138  303409.030  -0.0000000000
   2   0.0009691704   0.0108176642   95183.138  303409.030  -0.0000000000
   3   0.0019383408   0.0108176642   95183.138  303409.030  -0.0000000000
   4   0.0029075112   0.0108176642   95183.138  303409.030  -0.0000000000
   5   0.0038766817   0.0108176642   95183.138  303409.030  -0.0000000000
   6   0.0058150225   0.0108176642   95183.138  303409.030   0.0000000002
   7   0.0077533633   0.0108176642   95183.137  303409.030   0.0000000035
   8   0.0096917041   0.0108176642   95183.136  303409.032   0.0000000245
   9   0.0116300450   0.0108176642   95183.154  303409.099  -0.0000002495
  10   0.0145375560   0.0108176638   95183.177  303408.790   0.0000003071
  11   0.0174450683   0.0108176624   95181.638  303406.264   0.0000143038
  12   0.0203525888   0.0108177088   95193.215  303449.318  -0.0001449394
  13   0.0232599306   0.0108173836   95316.796  303510.018  -0.0022052491
  14   0.0251960803   0.0108120304   96208.307  301685.457  -0.0128473973
  15   0.0271260484   0.0107717541   95867.133  282575.146  -0.0282218657
  16   0.0280790346   0.0107072134   96818.789  254398.828  -0.0476772077
  17   0.0290333244   0.0105728599   96015.309  206595.154  -0.0324757860
  18   0.0300093496   0.0104075708   92982.055  163976.493   0.0030624418
  19   0.0310091336   0.0102795578   92440.827  140786.777   0.0167134050
  20   0.0330250752   0.0101157969   88938.060  116371.335   0.0138527767
  21   0.0350539932   0.0100272850   87143.269  105438.307   0.0075351531
  22   0.0370866445   0.0099805869   86224.684  100133.172   0.0043226880
  23   0.0391213513   0.0099566375   85976.124   97701.689   0.0024429251
  24   0.0442073371   0.0099351032   85403.156   95339.461   0.0011180788
  25   0.0492953787   0.0099307413   85276.822   94871.541   0.0001150984
  26   0.0543834484   0.0099302490   85263.308   94820.700   0.0000138453
  27   0.0594715264   0.0099301879   85261.752   94814.818   0.0000015151
  28   0.0645596052   0.0099301804   85261.583   94814.174   0.0000001657
  29   0.0696476842   0.0099301795   85261.564   94814.103   0.0000000186
  30   0.0747357631   0.0099301794   85261.562   94814.095   0.0000000022
  31   0.0798238421   0.0099301794   85261.561   94814.094   0.0000000003
  32   0.0849119210   0.0099301794   85261.561   94814.094   0.0000000000
  33   0.0900000000   0.0099301794   85261.561   94814.094  -0.0000000000
# stent material 72/15
   1   0.0000000000   0.0107962032   82163.386  313930.404   0.0000000000
   2   0.0009729520   0.0107962032   82163.386  313930.404   0.0000000000
   3   0.0019459041   0.0107962032   82163.386  313930.404   0.0000000000
   4   0.0029188561   0.0107962032   82163.386  313930.404   0.0000000000
   5   0.0038918081   0.0107962032   82163.386  313930.404  -0.0000000000
   6   0.0058377122   0.0107962032   82163.386  313930.404  -0.0000000001
   7   0.0077836162   0.0107962032   82163.386  313930.404   0.0000000000
   8   0.0097295203   0.0107962032   82163.387  313930.404  -0.0000000037
   9   0.0116754243   0.0107962032   82163.385  313930.397   0.0000000390
  10   0.0145942805   0.0107962033   82163.393  313930.463  -0.0000002198
  11   0.0175131362   0.0107962032   82163.476  313930.315  -0.0000003292
  12   0.0204319924   0.0107961984   82161.710  313926.609   0.0000193736
  13   0.0233508654   0.0107962539   82259.603  314085.117  -0.0015941416
  14   0.0252950970   0.0107932000   82989.993  312769.993  -0.0097227962
  15   0.0272353699   0.0107644872   83138.389  296122.029  -0.0321387858
  16   0.0281871861   0.0107092054   84260.815  266649.083  -0.0476715860
  17   0.0291391974   0.0105801171   83097.389  211079.173  -0.0209065591
  18   0.0301223767   0.0104194131   79575.090  161707.608   0.0115168603
  19   0.0311295946   0.0103033891   78823.909  136683.680   0.0190025497
  20   0.0331514219   0.0101698569   75663.129  112916.022   0.0132549482
  21   0.0351811715   0.0101072763   74237.411  103508.164   0.0059730787
  22   0.0372115497   0.0100791640   73603.494   99556.403   0.0029288880
  23   0.0392423975   0.0100669022   73425.140   97962.493   0.0012206883
  24   0.0443176284   0.0100581033   73155.031   96737.809   0.0004714442
  25   0.0493935606   0.0100569874   73115.599   96583.345  -0.0000026052
  26   0.0544693705   0.0100570331   73117.051   96590.114  -0.0000034011
  27   0.0595451740   0.0100570413   73117.374   96591.391  -0.0000000768
  28   0.0646209783   0.0100570411   73117.371   96591.376   0.0000000233
  29   0.0696967827   0.0100570411   73117.369   96591.364   0.0000000020
  30   0.0747725870   0.0100570411   73117.368   96591.364  -0.0000000001
  31   0.0798483913   0.0100570411   73117.368   96591.364  -0.0000000000
  32   0.0849241957   0.0100570411   73117.368   96591.364  -0.0000000000
  33   0.0900000000   0.0100570411   73117.368   96591.364  -0.0000000000
# stent material 72/72
   1   0.0000000000   0.0107759951   93086.969  321267.458  -0.0000000000
   2   0.0009704626   0.0107759951   93086.969  321267.458  -0.0000000000
   3   0.0019409252   0.0107759951   93086.969  321267.458  -0.0000000000
   4   0.0029113878   0.0107759951   93086.969  321267.458  -0.0000000000
   5   0.0038818504   0.0107759951   93086.969  321267.458  -0.0000000000
   6   0.0058227755   0.0107759951   93086.969  321267.458   0.0000000000
   7   0.0077637007   0.0107759951   93086.969  321267.458   0.0000000019
   8   0.0097046259   0.0107759951   93086.967  321267.458   0.0000000263
   9   0.0116455511   0.0107759951   93086.975  321267.514  -0.0000001603
  10   0.0145569387   0.0107759950   93087.052  321267.441  -0.0000005408
  11   0.0174683265   0.0107759918   93085.812  321263.900   0.0000143573
  12   0.0203797267   0.0107760287   93091.095  321297.832  -0.0000851536
  13   0.0232909947   0.0107758949   93188.354  321414.849  -0.0019413658
  14   0.0252298861   0.0107714386   93971.476  319621.048  -0.0126781496
  15   0.0271622803   0.0107331247   93574.656  298896.929  -0.0290393615
  16   0.0281158600   0.0106689659   94354.919  267103.754  -0.0505296647
  17   0.0290698426   0.0105319947   93378.688  213116.593  -0.0347562548
  18   0.0300457668   0.0103628271   90216.965  165989.456   0.0031003619
  19   0.0310461407   0.0102333183   89499.075  140848.209   0.0174191177
  20   0.0330628872   0.0100706078   86040.605  115445.898   0.0142092408
  21   0.0350918226   0.0099850682   84311.476  104439.637   0.0075295716
  22   0.0371238243   0.0099413186   83451.913   99265.700   0.0041703416
  23   0.0391574422   0.0099195878   83204.535   96947.669   0.0022480297
  24   0.0442402716   0.0099008729   82712.208   94810.652   0.0009726920
  25   0.0493247286   0.0098974258   82612.536   94425.692   0.0000788445
  26   0.0544091410   0.0098971382   82604.700   94395.300   0.0000060217
  27   0.0594935497   0.0098971141   82604.151   94393.148   0.0000003533
  28   0.0645779581   0.0098971120   82604.122   94393.029   0.0000000154
  29   0.0696623665   0.0098971119   82604.120   94393.023   0.0000000011
  30   0.0747467749   0.0098971118   82604.120   94393.022   0.0000000002
  31   0.0798311833   0.0098971118   82604.120   94393.022   0.0000000000
  32   0.0849155916   0.0098971118   82604.120   94393.022   0.0000000000
  33   0.0900000000   0.0098971118   82604.120   94393.022  -0.0000000000
# stent material 720/72
   1   0.0000000000   0.0105236303   81301.559  424870.889   0.0000000000
   2   0.0009774523   0.0105236303   81301.559  424870.889   0.0000000000
   3   0.0019549047   0.0105236303   81301.559  424870.889   0.0000000000
   4   0.0029323570   0.0105236303   81301.559  424870.889   0.0000000000
   5   0.0039098093   0.0105236303   81301.559  424870.889  -0.0000000000
   6   0.0058647140   0.0105236303   81301.559  424870.889  -0.0000000004
   7   0.0078196186   0.0105236303   81301.559  424870.888  -0.0000000038
   8   0.0097745233   0.0105236302   81301.559  424870.879  -0.0000000125
   9   0.0117294279   0.0105236301   81301.551  424870.820   0.0000002588
  10   0.0146617853   0.0105236309   81301.610  424871.638  -0.0000018687
  11   0.0175941398   0.0105236290   81301.652  424868.041   0.0000025352
  12   0.0205265040   0.0105236104   81297.431  424853.195   0.0000795947
  13   0.0234589087   0.0105238832   81318.204  425209.805  -0.0009079536
  14   0.0254125056   0.0105225216   81620.847  424239.528  -0.0119902294
  15   0.0273583099   0.0104915778   80754.039  396870.008  -0.0337964494
  16   0.0283151182   0.0104269726   80257.387  344896.335  -0.0687223225
  17   0.0292659800   0.0102701336   78046.032  252606.104  -0.0498730762
  18   0.0302393094   0.0100725587   74102.116  177418.516   0.0035457120
  19   0.0312420684   0.0099304949   72479.031  140764.053   0.0226302273
  20   0.0332623502   0.0097703021   69264.660  109535.336   0.0167993155
  21   0.0352905416   0.0097004306   67887.560   98266.348   0.0075013987
  22   0.0373181977   0.0096721662   67334.165   94023.484   0.0032069578
  23   0.0393453563   0.0096613105   67155.090   92487.562   0.0011998553
  24   0.0444107777   0.0096547033   66995.964   91527.774   0.0003108744
  25   0.0494763615   0.0096542818   66983.331   91472.235  -0.0000254687
  26   0.0545418155   0.0096543929   66986.240   91489.283  -0.0000047840
  27   0.0596072687   0.0096543983   66986.415   91490.003   0.0000004584
  28   0.0646727239   0.0096543964   66986.364   91489.708   0.0000000791
  29   0.0697381792   0.0096543964   66986.361   91489.696  -0.0000000073
  30   0.0748036344   0.0096543964   66986.362   91489.701  -0.0000000015
  31   0.0798690896   0.0096543964   66986.362   91489.701   0.0000000001
  32   0.0849345448   0.0096543964   66986.362   91489.701   0.0000000000
  33   0.0900000000   0.0096543964   66986.362   91489.701  -0.0000000000
