# stent oversizing 5%
   1   0.0000000000   0.0102811220   67743.127   91337.903   0.0000000000
   2   0.0010140974   0.0102811220   67743.127   91337.903   0.0000000000
   3   0.0020281948   0.0102811220   67743.127   91337.903   0.0000000000
   4   0.0030422922   0.0102811220   67743.127   91337.903  -0.0000000000
   5   0.0040563896   0.0102811220   67743.127   91337.903  -0.0000000002
   6   0.0060845844   0.0102811220   67743.127   91337.903  -0.0000000022
   7   0.0081127791   0.0102811220   67743.127   91337.903  -0.0000000115
   8   0.0101409739   0.0102811220   67743.128   91337.903   0.0000000809
   9   0.0121691687   0.0102811221   67743.138   91337.907   0.0000003336
  10   0.0152114611   0.0102811238   67743.068   91337.908  -0.0000044171
  11   0.0182537515   0.0102811135   67742.827   91337.701  -0.0000026733
  12   0.0212960394   0.0102810661   67746.869   91338.514   0.0002171865
  13   0.0243384249   0.0102817082   67804.600   91363.680   0.0025974705
  14   0.0263677554   0.0102882321   68024.059   91523.510   0.0083609657
  15   0.0283998839   0.0103207204   68655.236   92119.754   0.0186593853
  16   0.0294207000   0.0103663243   69146.434   92897.396   0.0117691065
  17   0.0304411236   0.0104407384   69660.108   94198.960  -0.0021304672
  18   0.0314620849   0.0105156804   70088.079   95620.349  -0.0061096624
  19   0.0324840697   0.0105782035   70553.095   96988.850  -0.0059672273
  20   0.0345311016   0.0106709644   70829.990   98983.132  -0.0076894881
  21   0.0365749920   0.0107292930   70798.120  100417.883  -0.0055631591
  22   0.0386120595   0.0107587013   70509.909  101331.146  -0.0048664910
  23   0.0406392196   0.0107653105   69764.633  101800.587  -0.0027509935
  24   0.0456698440   0.0107336679   68731.099  101760.834  -0.0016592145
  25   0.0506502674   0.0106769642   67876.170  101007.378   0.0010195108
  26   0.0555970268   0.0106226438   67285.251  100111.201   0.0015646944
  27   0.0605244467   0.0105833898   66931.355   99397.605   0.0013199684
  28   0.0654421743   0.0105591808   66739.793   98927.520   0.0008785831
  29   0.0703555713   0.0105459060   66644.399   98655.546   0.0005044390
  30   0.0752672403   0.0105393080   66600.276   98513.712   0.0002596373
  31   0.0801782993   0.0105363168   66581.283   98446.473   0.0001250796
  32   0.0850891725   0.0105351120   66573.938   98418.341   0.0000662853
  33   0.0900000000   0.0105347979   66572.440   98411.042  -0.0000608353
# stent oversizing 10%
   1   0.0000000000   0.0108112283   78437.604   95898.495   0.0000000000
   2   0.0011158423   0.0108112283   78437.604   95898.495   0.0000000001
   3   0.0022316846   0.0108112283   78437.604   95898.495   0.0000000002
   4   0.0033475268   0.0108112283   78437.604   95898.495   0.0000000012
   5   0.0044633691   0.0108112283   78437.604   95898.495   0.0000000023
   6   0.0066950537   0.0108112283   78437.602   95898.495  -0.0000000849
   7   0.0089267382   0.0108112282   78437.581   95898.491  -0.0000008212
   8   0.0111584224   0.0108112260   78437.612   95898.462   0.0000019239
   9   0.0133901075   0.0108112248   78438.103   95898.509   0.0000186689
  10   0.0167376461   0.0108112982   78435.603   95899.155  -0.0001360232
  11   0.0200851143   0.0108110526   78426.160   95894.468  -0.0001802746
  12   0.0234324289   0.0108092941   78553.086   95893.267   0.0060082498
  13   0.0267827708   0.0108261794   79345.349   96255.439   0.0338904096
  14   0.0290268773   0.0109295619   81171.228   98188.480   0.0341255268
  15   0.0312758723   0.0111890704   82820.111  102478.792  -0.0142223795
  16   0.0324062918   0.0113169320   83634.424  104895.836  -0.0159084918
  17   0.0335420432   0.0114103175   83655.925  107027.747  -0.0136414022
  18   0.0346749784   0.0114702036   82910.627  108790.205  -0.0137486135
  19   0.0357973141   0.0114980338   81446.049  110152.852  -0.0124479414
  20   0.0380103602   0.0114851639   78867.927  111223.585  -0.0148803839
  21   0.0401681246   0.0114069261   75907.046  111008.649  -0.0092305083
  22   0.0422686244   0.0112819127   72768.759  109782.282  -0.0049506059
  23   0.0443128860   0.0111311012   67959.924  107692.791  -0.0001707487
  24   0.0492379730   0.0107404864   62417.592  101663.920   0.0052923689
  25   0.0539572389   0.0103983189   58650.507   95891.257   0.0088986004
  26   0.0585543761   0.0101456986   56352.505   91389.006   0.0079846058
  27   0.0630870460   0.0099829975   55068.455   88372.751   0.0056904445
  28   0.0675887020   0.0098887654   54400.970   86562.835   0.0034959056
  29   0.0720767217   0.0098389550   54076.214   85571.649   0.0019195812
  30   0.0765593134   0.0098147259   53927.913   85071.511   0.0009628630
  31   0.0810399829   0.0098038708   53864.458   84838.886   0.0004572751
  32   0.0855200639   0.0097995218   53839.910   84742.476   0.0002404276
  33   0.0900000000   0.0097983898   53834.654   84717.415  -0.0002192346
# stent oversizing 15%
   1   0.0000000000   0.0113382074   94068.817  101200.446   0.0000000018
   2   0.0012415756   0.0113382074   94068.817  101200.446   0.0000000017
   3   0.0024831511   0.0113382074   94068.817  101200.446  -0.0000000012
   4   0.0037247267   0.0113382074   94068.816  101200.447   0.0000000018
   5   0.0049663022   0.0113382074   94068.818  101200.450  -0.0000001117
   6   0.0074494533   0.0113382071   94068.820  101200.437  -0.0000009483
   7   0.0099326044   0.0113382044   94068.609  101200.195  -0.0000012650
   8   0.0124157561   0.0113381976   94069.096  101199.977   0.0000885831
   9   0.0148989299   0.0113383778   94074.602  101210.865  -0.0002131145
  10   0.0186235644   0.0113384904   94047.211  101188.300  -0.0019418453
  11   0.0223479775   0.0113307294   93924.337  100886.309   0.0156653479
  12   0.0260766803   0.0113636029   94556.312  102015.829   0.0702832215
  13   0.0297960904   0.0117151781  101214.500  111253.559   0.0887443812
  14   0.0322601955   0.0122906931  108451.493  123416.186  -0.0359308664
  15   0.0347741510   0.0128457433  113992.134  134896.060  -0.0540092226
  16   0.0360667797   0.0130361548  115863.022  139610.521  -0.0275085329
  17   0.0373730659   0.0131535566  115753.650  143261.947  -0.0268475584
  18   0.0386736460   0.0132103545  113998.654  145984.640  -0.0302828020
  19   0.0399541625   0.0132058614  109581.892  147730.516  -0.0258603590
  20   0.0424408202   0.0130641958  102366.005  147269.925  -0.0327056459
  21   0.0448036950   0.0127987291   94063.682  143487.051  -0.0218922477
  22   0.0470373663   0.0124458357   85272.453  137238.966  -0.0145236571
  23   0.0491437130   0.0120461227   72002.140  128616.176  -0.0046032610
  24   0.0539859367   0.0110419149   56625.687  107829.651   0.0071031376
  25   0.0583694287   0.0101675662   46383.231   89869.212   0.0189731103
  26   0.0624941455   0.0095030033   40141.352   76394.841   0.0197891461
  27   0.0664941728   0.0090553607   36551.873   67406.628   0.0155345748
  28   0.0704390868   0.0087823427   34579.447   61935.732   0.0102637341
  29   0.0743608366   0.0086293477   33545.971   58849.167   0.0060269181
  30   0.0782734816   0.0085496869   33030.820   57217.265   0.0032627488
  31   0.0821829646   0.0085110856   32787.586   56408.784   0.0017107409
  32   0.0860915649   0.0084943206   32682.759   56048.973   0.0010057874
  33   0.0900000000   0.0084897004   32653.929   55948.351  -0.0009161375
# stent oversizing 20%
   1   0.0000000000   0.0118621501  117497.687  107048.189   0.0000000312
   2   0.0014079970   0.0118621501  117497.689  107048.189   0.0000000649
   3   0.0028159940   0.0118621503  117497.688  107048.192   0.0000000637
   4   0.0042239909   0.0118621506  117497.635  107048.214  -0.0000009730
   5   0.0056319873   0.0118621500  117497.578  107048.229  -0.0000064743
   6   0.0084479788   0.0118621305  117498.496  107047.545   0.0000347197
   7   0.0112639915   0.0118621587  117503.151  107046.905   0.0003349849
   8   0.0140801008   0.0118630404  117470.063  107080.928  -0.0014281209
   9   0.0168952824   0.0118621268  117483.653  107025.383  -0.0023771360
  10   0.0211195747   0.0118417551  117445.696  106315.035   0.0490378683
  11   0.0253553086   0.0119700549  118226.413  109616.057   0.1537226300
  12   0.0294879192   0.0128467960  132725.933  133252.762   0.0954425690
  13   0.0334611734   0.0144448101  149377.156  174189.607  -0.0878285370
  14   0.0362180289   0.0153834962  164813.777  199933.783  -0.0790772085
  15   0.0391770575   0.0160031673  173808.511  219115.392  -0.0780678664
  16   0.0407001181   0.0161723020  175330.402  225870.380  -0.0405135285
  17   0.0422306707   0.0162352890  173758.488  229847.267  -0.0416288580
  18   0.0437453731   0.0162105748  169334.480  231551.677  -0.0486516813
  19   0.0452241563   0.0160967497  159226.348  231230.578  -0.0424846275
  20   0.0480493932   0.0156755561  142987.363  222396.962  -0.0561344554
  21   0.0506623399   0.0150759921  124878.576  207078.599  -0.0412552041
  22   0.0530523350   0.0143521604  106051.309  187880.756  -0.0342996138
  23   0.0552157858   0.0135625959   78084.098  164297.926  -0.0201468102
  24   0.0598443881   0.0116253078   47780.530  117989.426  -0.0023949522
  25   0.0636212463   0.0099798659   30274.628   83844.838   0.0322283297
  26   0.0669931572   0.0087302148   20827.202   59750.539   0.0434016123
  27   0.0702675658   0.0078946949   15630.574   44263.573   0.0366689429
  28   0.0735447274   0.0074074524   12805.384   35581.539   0.0236773864
  29   0.0768320671   0.0071549292   11385.380   31305.385   0.0128376922
  30   0.0801232177   0.0070343535   10731.883   29384.571   0.0062838188
  31   0.0834152756   0.0069799243   10450.448   28567.257   0.0029830964
  32   0.0867075820   0.0069572857   10339.181   28242.620   0.0015652267
  33   0.0900000000   0.0069511570   10312.564   28160.418  -0.0012266709
