# stent oversizing 5%
   1   0.0000000000   0.0102017787   76501.428  120546.540   0.0000000000
   2   0.0009937023   0.0102017787   76501.428  120546.540  -0.0000000000
   3   0.0019874047   0.0102017787   76501.428  120546.540  -0.0000000000
   4   0.0029811070   0.0102017787   76501.428  120546.540   0.0000000000
   5   0.0039748094   0.0102017787   76501.428  120546.540   0.0000000007
   6   0.0059622141   0.0102017787   76501.428  120546.540   0.0000000019
   7   0.0079496187   0.0102017787   76501.428  120546.542  -0.0000000021
   8   0.0099370234   0.0102017787   76501.430  120546.547  -0.0000000471
   9   0.0119244280   0.0102017785   76501.469  120546.544  -0.0000002366
  10   0.0149055352   0.0102017767   76501.389  120546.174   0.0000019906
  11   0.0178866451   0.0102017812   76499.774  120545.549   0.0000144827
  12   0.0208677548   0.0102018604   76499.226  120558.406  -0.0000447135
  13   0.0238487551   0.0102018613   76513.511  120589.335  -0.0003557423
  14   0.0258356935   0.0102004683   76633.607  120539.195  -0.0017617416
  15   0.0278220241   0.0101919171   76582.473  119535.129  -0.0026208411
  16   0.0288146590   0.0101802509   76766.719  118214.757  -0.0054318069
  17   0.0298079944   0.0101583754   77014.326  115626.271  -0.0084614456
  18   0.0308037289   0.0101258855   76925.448  111669.329  -0.0031290643
  19   0.0318027671   0.0100965495   77079.783  108405.700   0.0027621916
  20   0.0338053892   0.0100570177   76452.494  103727.520   0.0036572268
  21   0.0358110933   0.0100355235   76054.020  101247.268   0.0024136307
  22   0.0378178341   0.0100249072   75839.214  100063.918   0.0013776841
  23   0.0398249823   0.0100202849   75738.575   99594.959   0.0006758941
  24   0.0448425300   0.0100177733   75671.202   99374.336   0.0000822494
  25   0.0498601188   0.0100180413   75679.587   99422.600  -0.0000466279
  26   0.0548776011   0.0100181896   75684.158   99437.187  -0.0000054653
  27   0.0598950803   0.0100181714   75683.532   99433.484   0.0000033182
  28   0.0649125669   0.0100181597   75683.150   99432.227   0.0000005879
  29   0.0699300540   0.0100181608   75683.194   99432.513  -0.0000002791
  30   0.0749475405   0.0100181618   75683.228   99432.626  -0.0000000562
  31   0.0799650270   0.0100181617   75683.224   99432.601   0.0000000260
  32   0.0849825135   0.0100181617   75683.222   99432.592   0.0000000032
  33   0.0900000000   0.0100181617   75683.222   99432.594   0.0000000030
# stent oversizing 10%
   1   0.0000000000   0.0105513776   85155.597  193076.378   0.0000000000
   2   0.0009797042   0.0105513776   85155.597  193076.378  -0.0000000000
   3   0.0019594083   0.0105513776   85155.597  193076.378  -0.0000000000
   4   0.0029391125   0.0105513776   85155.597  193076.378  -0.0000000001
   5   0.0039188167   0.0105513776   85155.597  193076.378   0.0000000011
   6   0.0058782250   0.0105513776   85155.596  193076.379   0.0000000039
   7   0.0078376334   0.0105513777   85155.596  193076.385   0.0000000021
   8   0.0097970417   0.0105513777   85155.599  193076.400  -0.0000000660
   9   0.0117564499   0.0105513774   85155.694  193076.402  -0.0000005691
  10   0.0146955625   0.0105513739   85155.518  193075.084   0.0000039828
  11   0.0176346815   0.0105513812   85150.934  193073.037   0.0000355356
  12   0.0205738013   0.0105515569   85151.507  193131.560  -0.0001282594
  13   0.0235126207   0.0105515072   85206.731  193235.372  -0.0009980939
  14   0.0254706879   0.0105477406   85641.890  192718.012  -0.0054044819
  15   0.0274267188   0.0105235669   85456.669  186674.567  -0.0084772207
  16   0.0284026699   0.0104895770   86046.959  178798.552  -0.0184317661
  17   0.0293796552   0.0104241502   86758.431  164486.952  -0.0295406748
  18   0.0303624372   0.0103244669   86130.109  145102.800  -0.0109887017
  19   0.0313563856   0.0102337798   86447.339  130864.392   0.0088560382
  20   0.0333618773   0.0101105819   84228.019  113609.101   0.0113713337
  21   0.0353790468   0.0100421055   82921.278  105255.654   0.0072935046
  22   0.0374003112   0.0100067494   82221.133  101248.528   0.0042109506
  23   0.0394232862   0.0099899836   81924.627   99521.212   0.0023945659
  24   0.0444805794   0.0099783241   81597.479   98341.450   0.0005512435
  25   0.0495385606   0.0099780517   81587.632   98364.263  -0.0000861715
  26   0.0545962726   0.0099785420   81603.016   98421.417  -0.0000318854
  27   0.0596539353   0.0099785795   81604.151   98421.852   0.0000030753
  28   0.0647116097   0.0099785500   81603.165   98417.970   0.0000025805
  29   0.0697692884   0.0099785456   81603.027   98417.750  -0.0000000963
  30   0.0748269666   0.0099785477   81603.102   98418.059  -0.0000002279
  31   0.0798846444   0.0099785482   81603.116   98418.085   0.0000000033
  32   0.0849423222   0.0099785480   81603.110   98418.059   0.0000000183
  33   0.0900000000   0.0099785479   81603.108   98418.054  -0.0000000072
# stent oversizing 15%
   1   0.0000000000   0.0108263304   94638.543  305960.408  -0.0000000000
   2   0.0009684411   0.0108263304   94638.543  305960.408  -0.0000000000
   3   0.0019368822   0.0108263304   94638.543  305960.408  -0.0000000001
   4   0.0029053233   0.0108263304   94638.543  305960.408  -0.0000000001
   5   0.0038737644   0.0108263304   94638.543  305960.408   0.0000000005
   6   0.0058106466   0.0108263304   94638.543  305960.409   0.0000000035
   7   0.0077475289   0.0108263304   94638.542  305960.416   0.0000000131
   8   0.0096844111   0.0108263305   94638.540  305960.451   0.0000000075
   9   0.0116212932   0.0108263305   94638.631  305960.568  -0.0000006903
  10   0.0145266161   0.0108263275   94638.734  305958.803   0.0000015517
  11   0.0174319454   0.0108263244   94633.545  305951.631   0.0000406103
  12   0.0203372894   0.0108264957   94628.146  306053.259  -0.0000935014
  13   0.0232422677   0.0108266483   94694.695  306302.914  -0.0010095874
  14   0.0251773039   0.0108227355   95334.757  304971.657  -0.0072531013
  15   0.0271087379   0.0107915761   95011.632  289421.070  -0.0124906646
  16   0.0280705896   0.0107440986   95830.860  268028.565  -0.0298748704
  17   0.0290321933   0.0106475899   96737.521  230726.784  -0.0503429621
  18   0.0300000676   0.0104944959   95203.762  185451.588  -0.0198388688
  19   0.0309865659   0.0103548625   95491.479  155771.014   0.0124960185
  20   0.0329912365   0.0101652492   91725.777  124619.437   0.0169052694
  21   0.0350163651   0.0100582602   89602.716  110575.334   0.0108905130
  22   0.0370488347   0.0100010452   88465.192  103838.461   0.0063933923
  23   0.0390845006   0.0099721802   88045.030  100795.852   0.0040198565
  24   0.0441746453   0.0099488666   87378.037   98287.578   0.0012275240
  25   0.0492666619   0.0099464911   87296.826   98089.521  -0.0000018982
  26   0.0543584307   0.0099470806   87314.428   98170.551  -0.0000543882
  27   0.0594500840   0.0099472813   87321.187   98191.750  -0.0000099738
  28   0.0645417298   0.0099472744   87320.997   98189.222   0.0000026568
  29   0.0696333828   0.0099472584   87320.433   98187.242   0.0000012286
  30   0.0747250375   0.0099472570   87320.390   98187.253  -0.0000001204
  31   0.0798166918   0.0099472582   87320.436   98187.424  -0.0000001192
  32   0.0849083459   0.0099472584   87320.442   98187.433   0.0000000078
  33   0.0900000000   0.0099472584   87320.435   98187.419  -0.0000000222
# stent oversizing 20%
   1   0.0000000000   0.0110270806  104366.299  460372.817  -0.0000000000
   2   0.0009609127   0.0110270806  104366.299  460372.817  -0.0000000000
   3   0.0019218254   0.0110270806  104366.299  460372.817  -0.0000000000
   4   0.0028827382   0.0110270806  104366.299  460372.817  -0.0000000000
   5   0.0038436509   0.0110270806  104366.299  460372.816  -0.0000000001
   6   0.0057654763   0.0110270806  104366.299  460372.816   0.0000000001
   7   0.0076873018   0.0110270806  104366.299  460372.816   0.0000000031
   8   0.0096091272   0.0110270807  104366.297  460372.827   0.0000000214
   9   0.0115309527   0.0110270807  104366.304  460372.928  -0.0000001421
  10   0.0144136905   0.0110270805  104366.503  460372.829  -0.0000009687
  11   0.0172964293   0.0110270748  104365.339  460365.451   0.0000123528
  12   0.0201791838   0.0110271102  104355.351  460394.529   0.0000282890
  13   0.0230618288   0.0110273893  104359.573  460720.726  -0.0000862234
  14   0.0249828216   0.0110268992  104607.622  460678.221  -0.0027591052
  15   0.0269009030   0.0110152337  104355.198  449926.166  -0.0037433168
  16   0.0278563977   0.0109930706  104616.958  430423.275  -0.0126002127
  17   0.0288086307   0.0109397545  105446.628  387329.582  -0.0397565186
  18   0.0297579086   0.0108226375  106315.382  311941.380  -0.0726298566
  19   0.0307114942   0.0106267141  107830.676  227838.997  -0.0103715485
  20   0.0326837977   0.0103102830  100735.947  150932.229   0.0242853960
  21   0.0347053484   0.0101228349   96750.944  121677.846   0.0180020173
  22   0.0367439647   0.0100193970   94624.720  108537.316   0.0110797291
  23   0.0387896564   0.0099652851   93888.837  102648.378   0.0075159031
  24   0.0439074559   0.0099188366   92532.111   97597.197   0.0025206196
  25   0.0490292891   0.0099128522   92331.711   97062.260   0.0000924885
  26   0.0541508211   0.0099136416   92355.353   97181.397  -0.0000904159
  27   0.0592721444   0.0099140389   92368.541   97224.020  -0.0000218099
  28   0.0643934434   0.0099140544   92369.094   97222.840   0.0000027419
  29   0.0695147524   0.0099140296   92368.234   97219.682   0.0000020786
  30   0.0746360647   0.0099140252   92368.085   97219.393   0.0000000342
  31   0.0797573767   0.0099140267   92368.138   97219.617  -0.0000001716
  32   0.0848786883   0.0099140272   92368.155   97219.660  -0.0000000116
  33   0.0900000000   0.0099140272   92368.149   97219.648  -0.0000000195
