# stent material 15/15
   1   0.0000000000   0.0113604167  113276.237  101339.676   0.0000000001
   2   0.0014510236   0.0113604167  113276.237  101339.676   0.0000000002
   3   0.0029020472   0.0113604167  113276.237  101339.676   0.0000000010
   4   0.0043530708   0.0113604167  113276.237  101339.676  -0.0000000033
   5   0.0058040944   0.0113604167  113276.237  101339.676  -0.0000000294
   6   0.0087061416   0.0113604166  113276.231  101339.671   0.0000001407
   7   0.0116081890   0.0113604167  113276.252  101339.691   0.0000012414
   8   0.0145102369   0.0113604200  113276.495  101339.887  -0.0000085685
   9   0.0174122778   0.0113604095  113275.305  101338.695   0.0000086390
  10   0.0217653602   0.0113603645  113273.412  101338.224   0.0001511119
  11   0.0261185066   0.0113608845  113317.269  101373.205  -0.0009325709
  12   0.0304709239   0.0113592665  113122.081  101195.212   0.0010015476
  13   0.0348253681   0.0113543504  111979.634  100675.136   0.0545941326
  14   0.0377556913   0.0114711657  112058.514  104189.481   0.1123312942
  15   0.0406396698   0.0119896769  119380.893  119161.914   0.1573630958
  16   0.0420562519   0.0124932199  129051.820  131463.104   0.0603641715
  17   0.0433894467   0.0131520148  140029.422  145910.346  -0.0134270912
  18   0.0447224338   0.0138259553  148088.429  161676.341  -0.0965672342
  19   0.0460948778   0.0143678433  154095.742  177863.240  -0.0656464570
  20   0.0490127347   0.0151049340  158695.457  203232.842  -0.1076981666
  21   0.0519371052   0.0154295358  157477.811  219203.563  -0.0806675802
  22   0.0548008051   0.0153813105  149568.840  222242.511  -0.1000663323
  23   0.0575013627   0.0149995763  126302.224  209280.712  -0.0833095558
  24   0.0635616080   0.0131648044   81910.230  149886.840  -0.1198547378
  25   0.0682960355   0.0107164214   42932.107   93728.602  -0.0640926527
  26   0.0716743703   0.0082821879   20185.320   56654.979  -0.0027283044
  27   0.0742073396   0.0063307709   10274.731   33597.456   0.0542848339
  28   0.0766378308   0.0049180471    4667.543   17912.807   0.0730452085
  29   0.0792531369   0.0040980820    1326.381    9317.013   0.0556879271
  30   0.0819527431   0.0037451429     600.099    6535.922   0.0281407769
  31   0.0846483008   0.0036212877     927.899    6378.841   0.0111666398
  32   0.0873280398   0.0035795020    1268.433    6620.831   0.0044214405
  33   0.0900000000   0.0035689702    1532.443    6775.329  -0.0021068206
# stent material 15/72
   1   0.0000000000   0.0113330204   91848.604  101968.945  -0.0000000000
   2   0.0012181421   0.0113330204   91848.604  101968.945  -0.0000000000
   3   0.0024362843   0.0113330204   91848.604  101968.945  -0.0000000001
   4   0.0036544264   0.0113330204   91848.604  101968.945  -0.0000000002
   5   0.0048725686   0.0113330204   91848.604  101968.945   0.0000000039
   6   0.0073088529   0.0113330204   91848.604  101968.946   0.0000000305
   7   0.0097451372   0.0113330205   91848.615  101968.958  -0.0000000997
   8   0.0121814214   0.0113330205   91848.611  101968.943  -0.0000026442
   9   0.0146177045   0.0113330145   91848.222  101968.384   0.0000097928
  10   0.0182721377   0.0113330214   91849.536  101970.517   0.0000367610
  11   0.0219265676   0.0113332139   91857.456  101980.538  -0.0004727043
  12   0.0255807600   0.0113320557   91776.562  101859.633   0.0010026580
  13   0.0292362126   0.0113310627   91676.082  101523.678   0.0366568479
  14   0.0316894035   0.0114112882   92182.415  104218.271   0.0901487802
  15   0.0341149408   0.0118021636   97629.869  116031.151   0.1308435336
  16   0.0352989179   0.0121991160  106004.405  126024.599   0.0619980587
  17   0.0364419394   0.0127435175  117576.939  137398.073  -0.0048125353
  18   0.0376129177   0.0133310902  127348.071  150492.735  -0.0599067926
  19   0.0388509270   0.0138471221  136184.905  164669.905  -0.0531628220
  20   0.0414855437   0.0146347012  144645.280  188857.867  -0.0796642848
  21   0.0442067417   0.0151108044  147453.990  207659.088  -0.0644851599
  22   0.0469299397   0.0152835408  144246.172  218170.916  -0.0735114772
  23   0.0495707687   0.0151765816  127920.670  217585.428  -0.0573192647
  24   0.0556857977   0.0142027540   98707.282  189250.810  -0.0704972764
  25   0.0609463700   0.0127249200   68417.246  146704.582  -0.0284101302
  26   0.0653829707   0.0111298029   45572.973  107874.438   0.0042389812
  27   0.0692232594   0.0097247099   31704.708   78613.779   0.0285047465
  28   0.0727723676   0.0086379018   23930.910   58155.003   0.0365713955
  29   0.0762341959   0.0078934105   19598.847   45062.606   0.0314736652
  30   0.0796808821   0.0074406818   17243.958   37578.068   0.0217489113
  31   0.0831238355   0.0071931575   16052.632   33748.627   0.0135125975
  32   0.0865631339   0.0070746931   15525.665   32033.071   0.0086478459
  33   0.0900000000   0.0070399854   15390.209   31555.862  -0.0069416287
# stent material 72/15
   1   0.0000000000   0.0113666580  114859.028  100568.923   0.0000000002
   2   0.0015027110   0.0113666580  114859.028  100568.923   0.0000000006
   3   0.0030054221   0.0113666580  114859.028  100568.923   0.0000000025
   4   0.0045081331   0.0113666580  114859.028  100568.924  -0.0000000079
   5   0.0060108441   0.0113666580  114859.028  100568.924  -0.0000000562
   6   0.0090162661   0.0113666578  114859.020  100568.915   0.0000002879
   7   0.0120216884   0.0113666581  114859.034  100568.935   0.0000018446
   8   0.0150271114   0.0113666634  114859.352  100569.227  -0.0000145355
   9   0.0180325232   0.0113666443  114858.086  100567.764   0.0000206218
  10   0.0225406797   0.0113665857  114854.712  100566.450   0.0002093441
  11   0.0270488998   0.0113673744  114906.787  100610.363  -0.0014479059
  12   0.0315560762   0.0113646401  114699.196  100404.667   0.0024334349
  13   0.0360669592   0.0113597304  113320.682   99815.391   0.0687998433
  14   0.0391033116   0.0115138252  113862.972  104255.457   0.1291409057
  15   0.0420713294   0.0121358422  122316.883  121627.401   0.1623600666
  16   0.0435153132   0.0127027650  132969.675  135399.186   0.0628613147
  17   0.0448712824   0.0134271548  144717.685  151446.674  -0.0182169208
  18   0.0462293794   0.0141597669  153110.808  168932.426  -0.1077134928
  19   0.0476350054   0.0147416371  158970.227  186636.233  -0.0750263709
  20   0.0506337797   0.0155124921  163472.669  214364.907  -0.1201740031
  21   0.0536322432   0.0158202341  161597.114  230952.264  -0.0899047975
  22   0.0565535563   0.0157148066  152129.847  232291.556  -0.1123843968
  23   0.0592830445   0.0152424084  125076.925  214397.675  -0.0947024391
  24   0.0652940476   0.0131029348   74527.780  145121.857  -0.1357174848
  25   0.0697428463   0.0103764943   34434.465   87401.777  -0.0708969526
  26   0.0726479364   0.0078380447   14222.578   52321.818   0.0075667103
  27   0.0747975799   0.0058859745    6050.435   30067.426   0.0709786213
  28   0.0770669294   0.0045238899     333.745   14484.303   0.0839033547
  29   0.0796143800   0.0038408865   -2412.293    7615.830   0.0536045122
  30   0.0822300758   0.0036066001   -2308.079    6751.674   0.0219022932
  31   0.0848314226   0.0035393002   -1752.729    7348.106   0.0072873880
  32   0.0874185163   0.0035176654   -1458.381    7699.918   0.0026694959
  33   0.0900000000   0.0035119757   -1278.161    7834.136  -0.0011380434
# stent material 72/72
   1   0.0000000000   0.0113363644   91760.266  101678.744  -0.0000000001
   2   0.0012369227   0.0113363644   91760.266  101678.744  -0.0000000001
   3   0.0024738453   0.0113363644   91760.266  101678.744  -0.0000000001
   4   0.0037107680   0.0113363644   91760.266  101678.744  -0.0000000003
   5   0.0049476907   0.0113363644   91760.266  101678.744   0.0000000084
   6   0.0074215360   0.0113363645   91760.267  101678.746   0.0000000410
   7   0.0098953813   0.0113363646   91760.280  101678.766  -0.0000002938
   8   0.0123692264   0.0113363642   91760.287  101678.737  -0.0000035435
   9   0.0148430705   0.0113363552   91759.769  101677.919   0.0000167415
  10   0.0185538495   0.0113363755   91761.230  101681.178   0.0000287612
  11   0.0222646016   0.0113366025   91772.039  101693.562  -0.0006351079
  12   0.0259751006   0.0113348612   91672.662  101527.371   0.0020834516
  13   0.0296876942   0.0113358213   91542.448  101229.965   0.0436541832
  14   0.0321788493   0.0114364709   92399.810  104715.554   0.0977903483
  15   0.0346322023   0.0118772575   98367.118  117756.897   0.1344409145
  16   0.0358239412   0.0123050052  107481.978  128451.469   0.0631790637
  17   0.0369744559   0.0128835516  119791.311  140600.822  -0.0066032570
  18   0.0381571659   0.0135048843  130071.065  154574.468  -0.0648843167
  19   0.0394136033   0.0140479704  139207.391  169614.681  -0.0578891240
  20   0.0420965029   0.0148673507  147816.537  195250.854  -0.0862499808
  21   0.0448687190   0.0153479698  150322.095  214845.400  -0.0696223634
  22   0.0476368814   0.0155009964  146293.205  225180.579  -0.0788675275
  23   0.0503096883   0.0153552907  127968.266  223101.952  -0.0614990837
  24   0.0564440204   0.0142500714   95655.708  189970.606  -0.0753116556
  25   0.0616329986   0.0126386077   63546.901  144024.748  -0.0292182465
  26   0.0659275653   0.0109461903   40609.435  103921.730   0.0075579799
  27   0.0696151486   0.0094931461   27403.139   74428.429   0.0337108767
  28   0.0730494901   0.0083993455   20219.489   54185.316   0.0402121592
  29   0.0764352176   0.0076779705   16284.153   41695.904   0.0324368827
  30   0.0798251149   0.0072598937   14212.230   34955.933   0.0209459872
  31   0.0832181075   0.0070421001   13214.497   31733.143   0.0121679099
  32   0.0866098266   0.0069417232   12794.133   30374.668   0.0073572068
  33   0.0900000000   0.0069128981   12688.386   30012.338  -0.0057650712
# stent material 720/72
   1   0.0000000000   0.0113544800   90509.683  100011.222  -0.0000000002
   2   0.0013526177   0.0113544800   90509.683  100011.222  -0.0000000007
   3   0.0027052353   0.0113544800   90509.683  100011.222  -0.0000000027
   4   0.0040578530   0.0113544800   90509.683  100011.222  -0.0000000130
   5   0.0054104706   0.0113544800   90509.683  100011.220   0.0000000386
   6   0.0081157060   0.0113544800   90509.685  100011.219   0.0000004548
   7   0.0108209414   0.0113544811   90509.684  100011.289  -0.0000010115
   8   0.0135261756   0.0113544816   90509.624  100011.342  -0.0000167888
   9   0.0162314050   0.0113544416   90509.444  100009.164   0.0000662395
  10   0.0202893009   0.0113544985   90509.929  100014.441   0.0001012205
  11   0.0243470929   0.0113553500   90514.694  100047.163  -0.0020043461
  12   0.0284041585   0.0113499000   90463.519   99749.462   0.0067345142
  13   0.0324672198   0.0113535907   90289.244   99380.128   0.0833466811
  14   0.0351883997   0.0115622321   93183.602  106308.612   0.1454507026
  15   0.0378118506   0.0122911801  102632.183  126823.204   0.1578930164
  16   0.0390523959   0.0129000912  116226.283  141698.949   0.0692242821
  17   0.0402509780   0.0136829594  132658.969  158317.423  -0.0226465501
  18   0.0415122387   0.0145032390  145202.826  177291.918  -0.1038413915
  19   0.0428937125   0.0151920391  154478.560  196796.273  -0.0933535832
  20   0.0458885977   0.0161300158  161845.161  229151.908  -0.1330666633
  21   0.0489597392   0.0165325299  160158.558  250007.707  -0.1054187535
  22   0.0519485328   0.0164470710  148495.003  254431.979  -0.1132834472
  23   0.0547187100   0.0159557075  114588.420  237394.909  -0.0842138509
  24   0.0605879650   0.0139072303   65076.770  175430.268  -0.0934098266
  25   0.0648753318   0.0116115586   31489.284  119433.233  -0.0135419590
  26   0.0680738382   0.0096389195   14996.490   79054.252   0.0460897983
  27   0.0710035393   0.0081976876    6953.463   50952.168   0.0627657674
  28   0.0740606326   0.0073530153    2743.317   35621.033   0.0448489303
  29   0.0772215660   0.0069742900     969.693   30079.680   0.0213004354
  30   0.0804122379   0.0068329580     430.160   28830.598   0.0079237512
  31   0.0836077352   0.0067820955     288.290   28662.995   0.0028723067
  32   0.0868037887   0.0067630367     241.544   28627.897   0.0013385225
  33   0.0900000000   0.0067579402     231.807   28617.068  -0.0010193141
