# quirurgy material 15/15
   1   0.0000000000   0.0113826439   93029.938   85634.461  -0.0001973442
   2   0.0014568924   0.0113824466   92824.257   85720.235  -0.0002873386
   3   0.0029110098   0.0113818467   92428.395   85931.768  -0.0003547348
   4   0.0043594157   0.0113808457   91890.737   86246.878  -0.0004781957
   5   0.0057998821   0.0113794022   90610.209   86811.186  -0.0004742223
   6   0.0086457601   0.0113756842   88673.158   88017.703  -0.0007411200
   7   0.0114334454   0.0113707473   86404.828   89526.592  -0.0007278294
   8   0.0141519837   0.0113646234   83961.112   91228.206  -0.0005686324
   9   0.0167954386   0.0113575852   80786.290   93265.498  -0.0003005602
  10   0.0206183014   0.0113473071   77423.789   95858.462  -0.0002348804
  11   0.0242828991   0.0113369610   74553.537   98110.651   0.0001772107
  12   0.0278124191   0.0113276779   72255.094   99907.721   0.0002610891
  13   0.0312338565   0.0113199388   70758.976  101122.456   0.0020313159
  14   0.0334685271   0.0113188867   69891.217  101953.711   0.0053895947
  15   0.0356747290   0.0113349864   69533.926  102845.795   0.0245040050
  16   0.0367815905   0.0113720772   69742.263  104108.768   0.0266308398
  17   0.0378798044   0.0114602375   70332.448  106640.394   0.0058425055
  18   0.0389558625   0.0115723166   70578.870  109711.486  -0.0280609032
  19   0.0400056613   0.0116493524   70111.168  112359.992  -0.0127986838
  20   0.0421076977   0.0117100063   68716.614  115156.150  -0.0232649657
  21   0.0441581924   0.0116832120   66470.025  115883.664  -0.0160121804
  22   0.0461597077   0.0115838745   63605.180  114719.966  -0.0149802607
  23   0.0481054083   0.0114320968   58282.747  111504.151  -0.0079143718
  24   0.0527819912   0.0109615706   51056.253  101755.032  -0.0040414633
  25   0.0572141104   0.0104788192   45183.599   91478.284   0.0049821139
  26   0.0614793970   0.0100605644   40961.226   82632.574   0.0079156371
  27   0.0656413124   0.0097440466   38182.565   76022.960   0.0077007981
  28   0.0697441682   0.0095266881   36458.624   71511.794   0.0060731277
  29   0.0738151150   0.0093887638   35438.608   68640.209   0.0042266332
  30   0.0778696097   0.0093070705   34861.921   66920.475   0.0027337807
  31   0.0819160219   0.0092620538   34554.338   65958.386   0.0017588073
  32   0.0859587214   0.0092401378   34410.483   65484.299   0.0012895184
  33   0.0900000000   0.0092336492   34377.802   65347.003  -0.0012913937
# quirurgy material 15/72
   1   0.0000000000   0.0113978196  112779.176   81088.417  -0.0003029248
   2   0.0015739003   0.0113975167  112286.828   81221.733  -0.0004567723
   3   0.0031423417   0.0113965986  111414.814   81556.792  -0.0005351320
   4   0.0047000115   0.0113951059  110246.655   82065.750  -0.0008488978
   5   0.0062426352   0.0113929253  107407.261   82925.203  -0.0006920314
   6   0.0092632840   0.0113872643  103535.951   84859.422  -0.0010956974
   7   0.0121808023   0.0113798099   99306.923   87265.859  -0.0008507976
   8   0.0149823107   0.0113707031   95124.292   89918.209  -0.0004004137
   9   0.0176670174   0.0113605724   90049.091   92896.391   0.0002185098
  10   0.0214932196   0.0113464544   85521.740   96607.562   0.0005571705
  11   0.0251209729   0.0113333239   82113.296   99633.447   0.0011535742
  12   0.0285986321   0.0113224879   79655.330  101895.480   0.0012129360
  13   0.0319681796   0.0113142610   78176.932  103362.261   0.0017781385
  14   0.0341702183   0.0113111273   77289.381  104190.600   0.0037487462
  15   0.0363468010   0.0113169114   76934.091  104818.643   0.0080373961
  16   0.0374301952   0.0113306715   76716.918  105570.788   0.0078845745
  17   0.0385067548   0.0113593411   76313.597  106934.723  -0.0012707749
  18   0.0395708186   0.0113864650   75647.746  108373.040  -0.0126631778
  19   0.0406206705   0.0113882031   74021.338  109160.719  -0.0129892293
  20   0.0426904220   0.0113252822   71374.703  109086.806  -0.0160205587
  21   0.0447064215   0.0111956640   68122.237  107369.437  -0.0114673371
  22   0.0466672834   0.0110147328   64509.528  104379.937  -0.0084752326
  23   0.0485721316   0.0108000010   58576.349   99929.527  -0.0034497892
  24   0.0531407498   0.0102239255   51048.706   88812.049   0.0026419889
  25   0.0574831562   0.0096807720   45320.185   78304.039   0.0096962870
  26   0.0616811039   0.0092322160   41334.667   69727.764   0.0112009709
  27   0.0657955188   0.0088996578   38726.519   63460.773   0.0097988211
  28   0.0698639702   0.0086719700   37089.715   59218.689   0.0073826037
  29   0.0739075809   0.0085255785   36098.091   56509.873   0.0050817309
  30   0.0779379257   0.0084364386   35518.887   54864.597   0.0033407022
  31   0.0819613520   0.0083854418   35198.540   53923.086   0.0022214237
  32   0.0859813688   0.0083596577   35044.413   53447.577   0.0016520983
  33   0.0900000000   0.0083518347   35010.114   53307.197  -0.0015616718
# quirurgy material 72/15
   1   0.0000000000   0.0113869579   92709.609   84939.052  -0.0001939240
   2   0.0014957434   0.0113867639   92499.117   85024.285  -0.0002817960
   3   0.0029885649   0.0113861758   92097.168   85235.055  -0.0003533571
   4   0.0044754143   0.0113851919   91547.707   85552.202  -0.0004714591
   5   0.0059539092   0.0113837703   90240.571   86111.065  -0.0004715221
   6   0.0088740535   0.0113801107   88261.073   87323.845  -0.0007373195
   7   0.0117329204   0.0113752355   85937.262   88844.236  -0.0007287723
   8   0.0145187611   0.0113691621   83424.367   90562.980  -0.0005749384
   9   0.0172249853   0.0113621382   80142.942   92618.631  -0.0003071098
  10   0.0211326260   0.0113518145   76641.664   95257.051  -0.0002476091
  11   0.0248703795   0.0113413089   73628.959   97559.546   0.0001752713
  12   0.0284619983   0.0113317873   71199.667   99404.190   0.0002493060
  13   0.0319359159   0.0113237045   69607.863  100654.103   0.0019878001
  14   0.0342010173   0.0113222536   68677.788  101498.722   0.0056463574
  15   0.0364349654   0.0113384077   68286.534  102396.005   0.0259303893
  16   0.0375553391   0.0113773353   68492.317  103693.342   0.0288636045
  17   0.0386662720   0.0114712063   69109.780  106343.288   0.0063449959
  18   0.0397530335   0.0115904503   69330.907  109564.641  -0.0302770698
  19   0.0408116602   0.0116708330   68759.557  112293.956  -0.0147008926
  20   0.0429295550   0.0117280849   67146.971  115073.298  -0.0257508179
  21   0.0449895075   0.0116885124   64600.655  115574.834  -0.0179368186
  22   0.0469935804   0.0115693477   61385.102  114013.660  -0.0166108731
  23   0.0489345519   0.0113934204   55506.302  110199.791  -0.0088604313
  24   0.0535745495   0.0108592386   47605.708   99169.040  -0.0043013386
  25   0.0579409750   0.0103203437   41329.415   87913.275   0.0056979381
  26   0.0621236353   0.0098603750   36924.790   78457.271   0.0089194577
  27   0.0661954384   0.0095181675   34095.091   71550.686   0.0085310404
  28   0.0702057838   0.0092880112   32380.599   66949.021   0.0065755261
  29   0.0741838737   0.0091454913   31390.380   64094.720   0.0044468634
  30   0.0781457743   0.0090633192   30844.325   62430.905   0.0027788584
  31   0.0820999281   0.0090192588   30560.008   61524.251   0.0017177318
  32   0.0860506137   0.0089983142   30429.310   61087.104   0.0012156807
  33   0.0900000000   0.0089922027   30398.832   60961.602  -0.0012157380
# quirurgy material 72/72
   1   0.0000000000   0.0113999529  111487.808   80669.120  -0.0003005942
   2   0.0015955800   0.0113996523  110989.883   80800.668  -0.0004485458
   3   0.0031855128   0.0113987409  110108.962   81133.693  -0.0005241615
   4   0.0047642964   0.0113972559  108927.008   81641.909  -0.0008273190
   5   0.0063274797   0.0113950816  106055.291   82491.824  -0.0006602730
   6   0.0093869418   0.0113894514  102157.028   84417.754  -0.0010593790
   7   0.0123398966   0.0113820515   97912.503   86811.395  -0.0008218370
   8   0.0151733749   0.0113730104   93718.528   89450.820  -0.0003738740
   9   0.0178866329   0.0113629366   88626.547   92406.903   0.0002463715
  10   0.0217498097   0.0113488879   84089.103   96106.307   0.0005802421
  11   0.0254087147   0.0113357944   80669.821   99123.908   0.0011767836
  12   0.0289129980   0.0113249678   78199.063  101380.544   0.0012286671
  13   0.0323057297   0.0113166991   76709.597  102844.788   0.0018044532
  14   0.0345217088   0.0113135104   75816.080  103667.666   0.0039201030
  15   0.0367113871   0.0113195995   75475.752  104287.695   0.0084667128
  16   0.0378013203   0.0113341568   75251.922  105062.849   0.0083882112
  17   0.0388840277   0.0113645497   74809.509  106495.401  -0.0013848535
  18   0.0399532454   0.0113930742   74082.890  108009.740  -0.0136172299
  19   0.0410070300   0.0113941313   72346.523  108812.587  -0.0140646479
  20   0.0430816584   0.0113247359   69524.185  108688.254  -0.0172366799
  21   0.0450977151   0.0111840583   66073.613  106822.228  -0.0123189583
  22   0.0470538471   0.0109891527   62262.779  103620.048  -0.0089025901
  23   0.0489496393   0.0107594845   56094.059   98894.740  -0.0034525935
  24   0.0534834364   0.0101496631   48370.305   87270.176   0.0033839980
  25   0.0577817374   0.0095826501   42609.356   76452.471   0.0106975917
  26   0.0619346984   0.0091219932   38678.666   67768.968   0.0119910654
  27   0.0660068967   0.0087869477   36154.490   61543.358   0.0102104666
  28   0.0700362870   0.0085624768   34600.570   57419.058   0.0074809220
  29   0.0740432620   0.0084214539   33677.876   54845.291   0.0050005610
  30   0.0780385905   0.0083375558   33149.722   53317.499   0.0031868366
  31   0.0820280011   0.0082905832   32862.861   52461.376   0.0020518095
  32   0.0860145673   0.0082672436   32726.321   52035.997   0.0014860227
  33   0.0900000000   0.0082602326   32694.873   51911.258  -0.0013996777
# quirurgy material 720/72
   1   0.0000000000   0.0114112341  101579.521   78260.143  -0.0002823508
   2   0.0017231622   0.0114109517  101067.127   78376.445  -0.0003936491
   3   0.0034395966   0.0114100993  100174.614   78685.558  -0.0004554146
   4   0.0051427894   0.0114087042   98974.106   79168.795  -0.0007098386
   5   0.0068273433   0.0114066424   96038.447   79922.780  -0.0005246736
   6   0.0101168304   0.0114013190   92116.334   81752.665  -0.0008809029
   7   0.0132794412   0.0113942588   87859.238   84045.172  -0.0006095333
   8   0.0162995323   0.0113855393   83670.306   86583.424  -0.0001328780
   9   0.0191764423   0.0113757638   78596.628   89362.548   0.0004673375
  10   0.0232475674   0.0113621502   74133.511   92925.991   0.0007567546
  11   0.0270780691   0.0113493412   70762.476   95830.249   0.0013474004
  12   0.0307261821   0.0113386743   68309.594   97995.020   0.0013414614
  13   0.0342420861   0.0113303078   66829.200   99394.847   0.0017821523
  14   0.0365314631   0.0113265394   65950.639  100135.283   0.0043453494
  15   0.0387900686   0.0113324533   65744.893  100636.506   0.0087697887
  16   0.0399148967   0.0113479870   65386.799  101469.221   0.0085638409
  17   0.0410294157   0.0113796173   64453.041  103158.882  -0.0039096547
  18   0.0421218871   0.0114026399   63077.250  104922.468  -0.0190389786
  19   0.0431877909   0.0113847475   60448.721  105544.287  -0.0202436451
  20   0.0452595237   0.0112495663   56381.910  104729.128  -0.0230767591
  21   0.0472350358   0.0110232295   51778.701  101736.332  -0.0154068100
  22   0.0491178605   0.0107361210   47038.891   97228.734  -0.0079556864
  23   0.0509161782   0.0104226718   40405.522   91137.924  -0.0002070426
  24   0.0551642101   0.0096665569   32837.122   77685.525   0.0117202256
  25   0.0591762373   0.0090447669   27944.332   66516.669   0.0172698563
  26   0.0630826909   0.0086093915   25028.540   58675.256   0.0148219822
  27   0.0669480418   0.0083435626   23406.082   53895.792   0.0099305109
  28   0.0707975406   0.0081975398   22559.082   51273.644   0.0057094191
  29   0.0746407174   0.0081235269   22141.901   49941.258   0.0029696104
  30   0.0784814009   0.0080882926   21946.518   49301.672   0.0014488519
  31   0.0823211653   0.0080724532   21859.370   49010.086   0.0006949907
  32   0.0861606249   0.0080659533   21823.630   48888.459   0.0003815539
  33   0.0900000000   0.0080642185   21814.143   48855.715  -0.0003465554
