# quirurgy material 15/15
   1   0.0000000000   0.0124463672   93016.843  150731.862  -0.0049286353
   2   0.0011017804   0.0124414493   92814.561  150611.311  -0.0063653785
   3   0.0022015188   0.0124259464   92421.412  150240.493  -0.0034507888
   4   0.0033018870   0.0124012062   91816.088  149716.633  -0.0094510447
   5   0.0043948674   0.0123661418   90560.539  148758.143  -0.0055227032
   6   0.0065769189   0.0122689660   88419.479  146617.538  -0.0094879555
   7   0.0087367994   0.0121456370   85870.625  143925.840  -0.0072985146
   8   0.0108736832   0.0119999804   83053.207  140704.099  -0.0059582503
   9   0.0129850927   0.0118402203   79514.416  136883.994  -0.0035255160
  10   0.0161063477   0.0115923530   75403.966  131135.377  -0.0009823139
  11   0.0191765239   0.0113530788   71792.221  125363.701   0.0017791559
  12   0.0222056339   0.0111371717   68805.296  119945.347   0.0026614790
  13   0.0252031166   0.0109518154   66656.736  115224.111   0.0034330481
  14   0.0271899376   0.0108476090   65366.390  112443.394   0.0013608168
  15   0.0291680506   0.0107585619   64441.211  110078.412   0.0020408499
  16   0.0301562192   0.0107194646   63976.418  109003.224   0.0000791912
  17   0.0311421868   0.0106843273   63562.547  108022.017   0.0004695265
  18   0.0321273183   0.0106520979   63191.797  107113.857   0.0011866037
  19   0.0331123636   0.0106232642   62796.284  106267.808   0.0007261170
  20   0.0350788146   0.0105738339   62265.247  104862.566   0.0016976520
  21   0.0370439164   0.0105331409   61841.838  103695.752   0.0012759512
  22   0.0390075027   0.0105005264   61512.463  102747.881   0.0017071645
  23   0.0409708445   0.0104755194   61230.706  101992.275   0.0012335206
  24   0.0458748884   0.0104341250   60849.422  100759.765   0.0016302825
  25   0.0507781056   0.0104111180   60643.148  100055.030   0.0008147602
  26   0.0556807959   0.0103999693   60543.442   99698.341   0.0004114090
  27   0.0605834401   0.0103947822   60496.821   99525.190   0.0001946094
  28   0.0654861311   0.0103924834   60475.913   99445.094   0.0000875549
  29   0.0703888691   0.0103915091   60466.898   99409.673   0.0000375588
  30   0.0752916365   0.0103911137   60463.159   99394.680   0.0000154508
  31   0.0801944190   0.0103909604   60461.664   99388.620   0.0000062568
  32   0.0850972082   0.0103909052   60461.088   99386.342   0.0000029364
  33   0.0900000000   0.0103908917   60460.881   99385.737  -0.0000027104
# quirurgy material 15/72
   1   0.0000000000   0.0139232533  129249.925  197578.425  -0.0084929609
   2   0.0012039965   0.0139147606  128827.311  197301.648  -0.0092873487
   3   0.0024060396   0.0138893561  128003.640  196544.514  -0.0093419892
   4   0.0036048683   0.0138477873  126736.298  195452.418  -0.0128000989
   5   0.0047957915   0.0137889446  124104.484  193397.687  -0.0124072383
   6   0.0071602929   0.0136278096  119633.855  188967.268  -0.0172432071
   7   0.0094834231   0.0134205162  114309.386  183364.021  -0.0144851179
   8   0.0117596062   0.0131750563  108443.829  176783.864  -0.0122971668
   9   0.0139840612   0.0129044793  101023.103  169104.469  -0.0084087481
  10   0.0172265113   0.0124822631   92648.911  157758.444  -0.0038537857
  11   0.0203650772   0.0120715750   85427.236  146557.666   0.0014495545
  12   0.0234207693   0.0116973362   79564.912  136178.989   0.0038177208
  13   0.0264148862   0.0113727162   75437.917  127215.708   0.0050156498
  14   0.0283871415   0.0111877553   72950.127  121965.458   0.0028227081
  15   0.0303447902   0.0110281857   71188.751  117503.198   0.0024096449
  16   0.0313200628   0.0109573244   70288.317  115473.876   0.0009937603
  17   0.0322928600   0.0108927978   69482.344  113612.409   0.0009766028
  18   0.0332638219   0.0108337422   68760.133  111899.384   0.0013389100
  19   0.0342335034   0.0107802426   67970.478  110298.587   0.0018846014
  20   0.0361682801   0.0106871134   66923.211  107611.688   0.0028356966
  21   0.0380993972   0.0106096483   66084.555  105378.864   0.0024091637
  22   0.0400276218   0.0105464401   65421.367  103544.953   0.0028641679
  23   0.0419543697   0.0104967741   64817.393  102064.903   0.0025022520
  24   0.0467642325   0.0104112975   64014.181   99584.562   0.0031102083
  25   0.0515703571   0.0103613210   63561.599   98117.071   0.0016819304
  26   0.0563746600   0.0103349996   63326.200   97324.433   0.0009146904
  27   0.0611783749   0.0103215470   63206.671   96908.626   0.0004751606
  28   0.0659819443   0.0103148991   63147.672   96697.501   0.0002383048
  29   0.0707855108   0.0103117131   63119.318   96593.529   0.0001158579
  30   0.0755891050   0.0103102316   63106.047   96543.864   0.0000551368
  31   0.0803927241   0.0103095671   63100.016   96521.000   0.0000266994
  32   0.0851963586   0.0103092917   63097.428   96511.287   0.0000154054
  33   0.0900000000   0.0103092174   63096.584   96508.574  -0.0000148607
# quirurgy material 72/15
   1   0.0000000000   0.0125791885   92784.347  154904.405  -0.0054254444
   2   0.0011101447   0.0125737754   92567.822  154767.566  -0.0067715743
   3   0.0022183035   0.0125568779   92142.933  154359.654  -0.0041108207
   4   0.0033267971   0.0125298461   91488.595  153775.695  -0.0100775773
   5   0.0044277141   0.0124914841   90137.248  152711.089  -0.0062358586
   6   0.0066250581   0.0123853516   87815.657  150336.164  -0.0104359897
   7   0.0087987245   0.0122505833   85046.132  147347.890  -0.0081348211
   8   0.0109476863   0.0120914211   81979.456  143772.476  -0.0066931699
   9   0.0130692315   0.0119168374   78134.271  139532.817  -0.0040620454
  10   0.0162020718   0.0116460503   73648.232  133163.024  -0.0012846786
  11   0.0192795435   0.0113848816   69708.340  126785.618   0.0017547449
  12   0.0223122832   0.0111495769   66455.691  120820.200   0.0027589652
  13   0.0253104181   0.0109480344   64121.222  115645.790   0.0036217229
  14   0.0272965096   0.0108350496   62725.554  112611.131   0.0014096148
  15   0.0292730586   0.0107388218   61728.062  110040.552   0.0020879775
  16   0.0302602846   0.0106966766   61228.412  108875.191   0.0000584056
  17   0.0312451626   0.0106588921   60784.717  107814.882   0.0004350164
  18   0.0322290925   0.0106243352   60388.394  106836.446   0.0011933918
  19   0.0332128798   0.0105934984   59966.396  105927.745   0.0007553275
  20   0.0351765117   0.0105408253   59402.401  104423.375   0.0017832238
  21   0.0371386031   0.0104976768   58955.038  103180.368   0.0013514349
  22   0.0390990212   0.0104633052   58609.287  102176.406   0.0018026389
  23   0.0410591166   0.0104371680   58315.368  101382.947   0.0012949115
  24   0.0459546319   0.0103944288   57923.435  100101.581   0.0016992034
  25   0.0508491371   0.0103710941   57715.169   99380.410   0.0008348688
  26   0.0557430149   0.0103600967   57617.162   99024.123   0.0004095796
  27   0.0606368038   0.0103551491   57572.775   98856.195   0.0001873664
  28   0.0655306182   0.0103530411   57553.597   98781.181   0.0000809912
  29   0.0704244677   0.0103521875   57545.675   98749.335   0.0000331539
  30   0.0753183396   0.0103518589   57542.547   98736.476   0.0000129060
  31   0.0802122226   0.0103517387   57541.364   98731.547   0.0000048798
  32   0.0851061105   0.0103516979   57540.935   98729.791   0.0000021049
  33   0.0900000000   0.0103516883   57540.785   98729.343  -0.0000019150
# quirurgy material 72/72
   1   0.0000000000   0.0140335206  129783.605  201719.832  -0.0089204677
   2   0.0012126493   0.0140246005  129347.534  201427.321  -0.0097536953
   3   0.0024232871   0.0139979204  128491.793  200625.393  -0.0098390638
   4   0.0036305975   0.0139542529  127170.899  199466.496  -0.0134427769
   5   0.0048297382   0.0138924295  124444.386  197291.333  -0.0130984278
   6   0.0072100846   0.0137231067  119772.602  192585.866  -0.0181876659
   7   0.0095475842   0.0135052425  114197.373  186633.157  -0.0153532724
   8   0.0118363195   0.0132472102  108045.081  179643.542  -0.0130984249
   9   0.0140711733   0.0129627412  100272.634  171487.678  -0.0090517902
  10   0.0173251105   0.0125189351   91474.837  159455.781  -0.0042817117
  11   0.0204703089   0.0120875751   83898.018  147609.133   0.0013200975
  12   0.0235286136   0.0116950273   77762.701  136666.727   0.0038520543
  13   0.0265223458   0.0113552069   73454.408  127251.256   0.0051463543
  14   0.0284931783   0.0111620591   70868.999  121756.107   0.0028655901
  15   0.0304487614   0.0109958592   69042.669  117099.256   0.0024210464
  16   0.0314228280   0.0109222168   68112.198  114987.557   0.0009612805
  17   0.0323943278   0.0108552860   67281.327  113054.650   0.0009434530
  18   0.0333639166   0.0107941490   66538.555  111279.579   0.0013234224
  19   0.0343321657   0.0107388821   65729.139  109626.117   0.0019188479
  20   0.0362639192   0.0106429564   64658.113  106856.596   0.0029086411
  21   0.0381918664   0.0105634794   63804.043  104564.187   0.0024773803
  22   0.0401168257   0.0104989382   63132.234  102689.898   0.0029410987
  23   0.0420402485   0.0104485364   62525.299  101188.434   0.0025580575
  24   0.0468416373   0.0103625803   61723.843   98688.894   0.0031580797
  25   0.0516391957   0.0103129906   61278.101   97227.788   0.0016862580
  26   0.0564349072   0.0102873674   61050.484   96451.941   0.0008993033
  27   0.0612300258   0.0102745560   60937.306   96052.878   0.0004571681
  28   0.0660249963   0.0102683785   60882.737   95854.696   0.0002237086
  29   0.0708199596   0.0102654976   60857.186   95759.482   0.0001057793
  30   0.0756149462   0.0102641971   60845.560   95715.216   0.0000487477
  31   0.0804099537   0.0102636317   60840.434   95695.409   0.0000227011
  32   0.0852049740   0.0102634041   60838.294   95687.212   0.0000125597
  33   0.0900000000   0.0102633438   60837.604   95684.957  -0.0000120497
# quirurgy material 720/72
   1   0.0000000000   0.0145668701  132330.479  224218.394  -0.0117945829
   2   0.0012680982   0.0145550761  131815.708  223827.600  -0.0129008489
   3   0.0025337716   0.0145198222  130751.517  222721.057  -0.0132477431
   4   0.0037952704   0.0144620243  129075.607  221094.673  -0.0177807328
   5   0.0050467958   0.0143801082  125754.940  218138.698  -0.0178701387
   6   0.0075273923   0.0141556593  119713.622  211514.134  -0.0246364245
   7   0.0099545197   0.0138667709  112426.084  203146.340  -0.0213253128
   8   0.0123196301   0.0135245971  104332.151  193373.778  -0.0184933994
   9   0.0146153200   0.0131479898   94248.603  182064.297  -0.0132122986
  10   0.0179312565   0.0125638774   82773.464  165593.735  -0.0066425655
  11   0.0211052990   0.0120030755   73128.484  149739.205   0.0011585592
  12   0.0241669426   0.0115022622   65576.113  135476.365   0.0047890771
  13   0.0271470873   0.0110795658   60440.472  123556.109   0.0065853889
  14   0.0291032882   0.0108461347   57490.132  116829.049   0.0035597103
  15   0.0310417202   0.0106509933   55455.450  111268.632   0.0027316820
  16   0.0320066475   0.0105665692   54452.240  108817.638   0.0010140171
  17   0.0329687811   0.0104913455   53577.215  106617.376   0.0009432408
  18   0.0339288272   0.0104239743   52812.477  104634.513   0.0013726171
  19   0.0348874050   0.0103643616   52007.636  102843.324   0.0022415634
  20   0.0367995831   0.0102638127   50960.942   99894.882   0.0033090533
  21   0.0387078133   0.0101836303   50156.957   97540.475   0.0028074910
  22   0.0406130904   0.0101213736   49553.217   95693.678   0.0031599101
  23   0.0425168413   0.0100753960   49047.077   94307.300   0.0025787117
  24   0.0472696281   0.0100030862   48412.522   92132.154   0.0029152262
  25   0.0520191339   0.0099659954   48096.456   90989.095   0.0013743044
  26   0.0567671822   0.0099498282   47959.253   90468.427   0.0006130541
  27   0.0615148118   0.0099431939   47902.739   90244.334   0.0002552279
  28   0.0662623465   0.0099406389   47880.737   90153.496   0.0000993557
  29   0.0710098707   0.0099397167   47872.658   90118.883   0.0000361188
  30   0.0757573992   0.0099394058   47869.870   90106.526   0.0000122294
  31   0.0805049315   0.0099393084   47868.968   90102.414   0.0000038751
  32   0.0852524654   0.0099392806   47868.696   90101.161   0.0000013137
  33   0.0900000000   0.0099392749   47868.621   90100.882  -0.0000011348
