# quirurgy material 15/15
   1   0.0000000000   0.0114148305   79701.852   48373.566  -0.0002277776
   2   0.0011529405   0.0114146031   79381.443   48504.117  -0.0014271160
   3   0.0023036367   0.0114130024   78998.173   49060.871   0.0018387383
   4   0.0034544220   0.0114114582   78476.142   50071.987  -0.0039528621
   5   0.0045974667   0.0114086403   76550.582   51039.385   0.0019246583
   6   0.0068738644   0.0113989050   74880.897   54996.365  -0.0014129654
   7   0.0091217012   0.0113875201   73100.067   60463.019  -0.0004481058
   8   0.0113371270   0.0113723795   71300.185   67358.865  -0.0005924949
   9   0.0135150977   0.0113541596   67218.872   74263.167  -0.0005524991
  10   0.0167088953   0.0113204156   65101.173   88742.800  -0.0007256625
  11   0.0198159442   0.0112806656   63602.855  105868.343  -0.0004346044
  12   0.0228453970   0.0112360891   62575.748  124973.205  -0.0004031276
  13   0.0258106627   0.0111887610   63138.450  146158.313  -0.0007252774
  14   0.0277579594   0.0111556064   63017.423  158965.839  -0.0066740348
  15   0.0296840813   0.0111064182   63549.767  167401.045  -0.0169174100
  16   0.0306320191   0.0110577484   64017.979  164826.925  -0.0248729848
  17   0.0315785263   0.0109681708   63532.188  151498.327  -0.0114423469
  18   0.0325401517   0.0108595338   61845.781  134811.541   0.0076632377
  19   0.0335152877   0.0107736673   61072.745  124383.488   0.0095856240
  20   0.0354637649   0.0106588002   59142.335  112467.816   0.0081247272
  21   0.0374151244   0.0105875093   58076.069  106878.232   0.0040704514
  22   0.0393652598   0.0105413415   57468.866  104112.468   0.0030429011
  23   0.0413153332   0.0105103982   57095.736  102656.527   0.0017399185
  24   0.0461850218   0.0104641874   56611.189  100934.000   0.0018454989
  25   0.0510539868   0.0104399177   56386.868  100170.099   0.0008361415
  26   0.0559222570   0.0104283317   56285.088   99814.951   0.0004238657
  27   0.0607904292   0.0104229103   56237.162   99640.588   0.0002023151
  28   0.0656586297   0.0104204972   56215.597   99559.571   0.0000913304
  29   0.0705268704   0.0104194711   56206.310   99523.757   0.0000393092
  30   0.0753951380   0.0104190533   56202.460   99508.594   0.0000162340
  31   0.0802634201   0.0104188907   56200.924   99502.459   0.0000066040
  32   0.0851317088   0.0104188319   56200.335   99500.152   0.0000031176
  33   0.0900000000   0.0104188174   56200.134   99499.545  -0.0000028865
# quirurgy material 15/72
   1   0.0000000000   0.0115101874   86013.859   -3617.367  -0.0006094429
   2   0.0012742083   0.0115085956   85651.087   -3271.866  -0.0009089283
   3   0.0025466754   0.0115043567   85188.634   -2091.442  -0.0004191060
   4   0.0038160194   0.0115000317   84521.967     -61.915  -0.0035232682
   5   0.0050777185   0.0114948389   82221.629    2219.516   0.0010272681
   6   0.0075784981   0.0114823539   80020.379    9294.814  -0.0024751193
   7   0.0100339293   0.0114687602   77512.017   17957.162  -0.0013607275
   8   0.0124354139   0.0114521063   74874.850   27568.037  -0.0009156291
   9   0.0147755890   0.0114333766   69558.711   36760.261  -0.0001541586
  10   0.0181656762   0.0114012945   66018.512   52228.753   0.0003441244
  11   0.0214144391   0.0113653062   63139.079   68276.391   0.0012469437
  12   0.0245353183   0.0113251265   61032.373   85150.792   0.0012953317
  13   0.0275477257   0.0112805529   61526.485  104676.390   0.0012333226
  14   0.0295041219   0.0112472829   60933.882  117272.595  -0.0042286219
  15   0.0314258332   0.0111972997   61545.591  128917.007  -0.0086023868
  16   0.0323717110   0.0111534821   61537.943  131190.516  -0.0161241265
  17   0.0333133973   0.0110818745   61221.931  128311.153  -0.0127634431
  18   0.0342581879   0.0109942717   60265.507  122401.097  -0.0002818759
  19   0.0352077950   0.0109157430   59378.823  117721.149   0.0045150726
  20   0.0371063080   0.0107892550   57767.667  110944.770   0.0054900929
  21   0.0390037163   0.0106935563   56624.252  106689.133   0.0038391100
  22   0.0408988270   0.0106207954   55809.481  103902.520   0.0036407198
  23   0.0427926417   0.0105662343   55142.981  102025.110   0.0029038478
  24   0.0475194078   0.0104756793   54267.239   99238.917   0.0032857761
  25   0.0522421505   0.0104238070   53795.894   97736.587   0.0017287702
  26   0.0569627465   0.0103966892   53556.366   96957.056   0.0009321336
  27   0.0616825729   0.0103828325   53435.325   96551.716   0.0004852613
  28   0.0664021646   0.0103759759   53375.624   96346.386   0.0002437932
  29   0.0711217103   0.0103726861   53346.982   96245.548   0.0001186996
  30   0.0758412637   0.0103711545   53333.609   96197.507   0.0000565822
  31   0.0805608329   0.0103704667   53327.560   96175.445   0.0000274625
  32   0.0852804137   0.0103701813   53325.003   96166.106   0.0000159074
  33   0.0900000000   0.0103701042   53324.245   96163.544  -0.0000154095
# quirurgy material 72/15
   1   0.0000000000   0.0114295292   77407.855   40367.365  -0.0002699534
   2   0.0011638552   0.0114292597   77087.705   40518.382  -0.0013323948
   3   0.0023255387   0.0114276217   76703.455   41130.985   0.0017326132
   4   0.0034870507   0.0114260621   76178.488   42232.214  -0.0040032965
   5   0.0046406879   0.0114230979   74246.043   43342.661   0.0020557994
   6   0.0069377048   0.0114129907   72558.582   47624.679  -0.0014419173
   7   0.0092048180   0.0114012160   70749.826   53503.862  -0.0004438632
   8   0.0114378622   0.0113854767   68909.819   60898.665  -0.0006070335
   9   0.0136313720   0.0113664107   64718.955   68398.974  -0.0006173953
  10   0.0168440007   0.0113306812   62521.518   84035.027  -0.0009301798
  11   0.0199639120   0.0112876899   60968.293  102827.031  -0.0006995048
  12   0.0230004310   0.0112383235   59894.034  124220.055  -0.0006614949
  13   0.0259678496   0.0111849490   60406.131  148251.214  -0.0008437736
  14   0.0279144204   0.0111476453   60190.430  162988.772  -0.0069540264
  15   0.0298382740   0.0110943715   60642.678  172856.792  -0.0178819482
  16   0.0307840273   0.0110428027   61027.650  170009.194  -0.0269285353
  17   0.0317277087   0.0109478822   60429.801  154868.312  -0.0127629179
  18   0.0326870856   0.0108328774   58626.573  136136.922   0.0079316134
  19   0.0336607201   0.0107427210   57738.202  124582.752   0.0101372544
  20   0.0356056645   0.0106235714   55772.390  111914.426   0.0084254171
  21   0.0375529889   0.0105505116   54705.936  106180.875   0.0041230932
  22   0.0394986178   0.0105034896   54106.098  103431.472   0.0030474284
  23   0.0414439196   0.0104720352   53727.936  102000.635   0.0017351195
  24   0.0463011698   0.0104250592   53253.387  100312.137   0.0018767420
  25   0.0511573904   0.0104005602   53031.268   99550.165   0.0008546646
  26   0.0560128062   0.0103891305   52931.436   99197.445   0.0004220666
  27   0.0608680776   0.0103839560   52885.869   99029.057   0.0001948082
  28   0.0657233547   0.0103817416   52866.137   98953.600   0.0000844724
  29   0.0705786594   0.0103808421   52858.003   98921.612   0.0000347000
  30   0.0754339840   0.0103804944   52854.795   98908.698   0.0000135646
  31   0.0802893190   0.0103803667   52853.585   98903.743   0.0000051538
  32   0.0851446587   0.0103803232   52853.148   98901.980   0.0000022375
  33   0.0900000000   0.0103803130   52853.005   98901.533  -0.0000020432
# quirurgy material 72/72
   1   0.0000000000   0.0116172851   84436.260   -7113.371  -0.0050030033
   2   0.0012801894   0.0116131726   84175.462   -7036.535  -0.0052110419
   3   0.0025585500   0.0116011859   83815.689   -6649.124  -0.0041809238
   4   0.0038338928   0.0115831009   83272.502   -5829.170  -0.0061410210
   5   0.0051022794   0.0115591739   81092.526   -4779.530   0.0058298902
   6   0.0076197449   0.0115098747   78666.807    1645.312   0.0021116710
   7   0.0100930620   0.0114804446   76145.730   11231.847  -0.0007005530
   8   0.0125098021   0.0114610219   73547.977   22000.211  -0.0011944409
   9   0.0148623677   0.0114414681   68116.128   32195.345  -0.0001095580
  10   0.0182666997   0.0114077178   64513.145   48910.809   0.0003631386
  11   0.0215242610   0.0113696962   61573.813   66119.553   0.0011747003
  12   0.0246486665   0.0113267203   59423.231   84359.049   0.0011359559
  13   0.0276601015   0.0112781328   59888.160  105779.066   0.0010340850
  14   0.0296136853   0.0112413818   59270.048  119897.261  -0.0048229270
  15   0.0315311863   0.0111863376   59811.974  132836.991  -0.0097498114
  16   0.0324740640   0.0111382080   59779.001  135162.321  -0.0181908988
  17   0.0334125446   0.0110594493   59396.864  131347.130  -0.0143566825
  18   0.0343547193   0.0109634956   58325.972  124088.602  -0.0002623178
  19   0.0353025740   0.0108784703   57360.530  118480.861   0.0052162417
  20   0.0371979263   0.0107437888   55627.535  110673.688   0.0060991365
  21   0.0390923832   0.0106437915   54428.060  105981.654   0.0041460337
  22   0.0409844517   0.0105688767   53591.016  103021.908   0.0038107198
  23   0.0428751313   0.0105133428   52916.617  101084.372   0.0029830595
  24   0.0475937852   0.0104222497   52044.010   98272.407   0.0033317942
  25   0.0523082912   0.0103707912   51581.025   96783.596   0.0017305385
  26   0.0570206209   0.0103443867   51349.772   96024.091   0.0009161012
  27   0.0617321809   0.0103311806   51235.206   95636.330   0.0004670658
  28   0.0664435089   0.0103248027   51179.985   95444.123   0.0002290089
  29   0.0711547902   0.0103218244   51154.172   95352.049   0.0001084579
  30   0.0758660769   0.0103204782   51142.457   95309.362   0.0000500724
  31   0.0805773767   0.0103198921   51137.313   95290.310   0.0000233761
  32   0.0852886861   0.0103196558   51135.197   95282.453   0.0000129874
  33   0.0900000000   0.0103195932   51134.576   95280.328  -0.0000125167
# quirurgy material 720/72
   1   0.0000000000   0.0125061017   81460.077  -12970.400  -0.0085801083
   2   0.0013200065   0.0124974122   81223.089  -12928.835  -0.0087684084
   3   0.0026377017   0.0124714670   80883.821  -12676.329  -0.0082187097
   4   0.0039512566   0.0124291619   80338.650  -12149.728  -0.0117841092
   5   0.0052558117   0.0123684948   78951.156  -11973.502  -0.0088071343
   6   0.0078423757   0.0122054512   77100.942  -10120.323  -0.0110544169
   7   0.0103790835   0.0120062079   74874.823   -6958.198  -0.0041045819
   8   0.0128584186   0.0117894365   72126.787   -1942.939   0.0072153250
   9   0.0152770724   0.0115961841   65600.696    6124.960   0.0206228547
  10   0.0187678929   0.0114330860   59386.969   28987.527   0.0148800763
  11   0.0220748359   0.0113768371   55723.205   59678.804  -0.0034646745
  12   0.0252058636   0.0113071086   53432.531   93346.892  -0.0011604732
  13   0.0281983548   0.0112147797   53518.637  134736.832  -0.0010166642
  14   0.0301285585   0.0111437962   52486.965  163626.799  -0.0097871720
  15   0.0320159365   0.0110463791   52130.157  186270.505  -0.0199404700
  16   0.0329376650   0.0109647642   51620.388  185250.156  -0.0378366699
  17   0.0338521408   0.0108292289   50412.298  166171.600  -0.0294105182
  18   0.0347752668   0.0106680775   48241.224  141376.408   0.0004061224
  19   0.0357130106   0.0105370700   46608.514  125317.530   0.0121989586
  20   0.0375926653   0.0103549417   44150.943  108133.238   0.0114002193
  21   0.0394736970   0.0102395413   42754.511  100471.040   0.0063663335
  22   0.0413517834   0.0101635099   41934.737   96827.397   0.0045662092
  23   0.0432279432   0.0101123232   41359.180   94929.186   0.0030232217
  24   0.0479102251   0.0100359184   40688.612   92568.742   0.0030167185
  25   0.0525888433   0.0099974807   40368.513   91453.988   0.0014049423
  26   0.0572657878   0.0099807508   40230.682   90956.813   0.0006278846
  27   0.0619422276   0.0099738632   40173.940   90743.803   0.0002621310
  28   0.0666185399   0.0099712027   40151.879   90657.844   0.0001023069
  29   0.0712948295   0.0099702398   40143.796   90625.223   0.0000373133
  30   0.0759711194   0.0099699141   40141.014   90613.624   0.0000126756
  31   0.0806474119   0.0099698116   40140.118   90609.781   0.0000040319
  32   0.0853237057   0.0099697823   40139.850   90608.615   0.0000013753
  33   0.0900000000   0.0099697762   40139.782   90608.357  -0.0000011943
