# stent oversizing 5%
   1   0.0000000000   0.0103626962   85924.407   74387.087  -0.0003679946
   2   0.0013125621   0.0103623269   85608.447   74507.759  -0.0004691220
   3   0.0026209953   0.0103612107   85055.498   74802.858  -0.0004884999
   4   0.0039213452   0.0103593934   84313.467   75250.917  -0.0007494011
   5   0.0052103519   0.0103567802   82482.919   76005.224  -0.0005655372
   6   0.0077400031   0.0103500079   80001.929   77655.270  -0.0009153295
   7   0.0101929169   0.0103412379   77253.905   79667.647  -0.0006238839
   8   0.0125598067   0.0103307153   74489.185   81841.488  -0.0001285065
   9   0.0148402888   0.0103192640   71069.106   84221.767   0.0004591764
  10   0.0181131784   0.0103034222   67940.788   87108.643   0.0007324440
  11   0.0212404312   0.0102888943   65531.102   89375.976   0.0013881673
  12   0.0242584775   0.0102772054   63828.790   91015.380   0.0035719746
  13   0.0272004199   0.0102768284   63109.256   92208.036   0.0124341631
  14   0.0291360996   0.0103085700   63778.685   93008.165   0.0108855145
  15   0.0310757455   0.0103908148   64737.800   94182.317  -0.0020160111
  16   0.0320520966   0.0104362373   65282.016   94905.734  -0.0032224813
  17   0.0330322453   0.0104759455   65676.618   95596.984  -0.0029204912
  18   0.0340148166   0.0105092904   65930.733   96202.808  -0.0035030794
  19   0.0349984604   0.0105356625   66105.374   96805.889  -0.0032978825
  20   0.0369661437   0.0105712162   66111.000   97582.807  -0.0045220113
  21   0.0389303320   0.0105876501   65880.697   98067.631  -0.0034155820
  22   0.0408877580   0.0105870922   65464.555   98263.930  -0.0030596855
  23   0.0428358834   0.0105726006   64563.773   98222.082  -0.0016213769
  24   0.0476664134   0.0105074104   63288.695   97397.332  -0.0007299543
  25   0.0524431198   0.0104291635   62212.103   96200.544   0.0013101621
  26   0.0571796539   0.0103582847   61431.070   95013.320   0.0018144635
  27   0.0618902761   0.0103050763   60924.791   94068.459   0.0016090854
  28   0.0665859236   0.0102697027   60621.419   93411.651   0.0011674464
  29   0.0712735591   0.0102482391   60450.452   92998.185   0.0007496154
  30   0.0759571518   0.0102361511   60359.137   92758.018   0.0004461049
  31   0.0806388010   0.0102298174   60313.388   92629.044   0.0002616673
  32   0.0853195688   0.0102268636   60293.719   92568.045   0.0001743488
  33   0.0900000000   0.0102260113   60291.149   92551.016  -0.0001663695
# stent oversizing 10%
   1   0.0000000000   0.0108768619   93309.331   77911.765  -0.0003230785
   2   0.0013948781   0.0108765379   92974.581   78036.837  -0.0004540103
   3   0.0027854951   0.0108755571   92393.614   78347.144  -0.0005115907
   4   0.0041677526   0.0108739557   91614.980   78821.697  -0.0007754345
   5   0.0055382502   0.0108716482   89668.981   79607.681  -0.0006440757
   6   0.0082290429   0.0108656839   87061.159   81360.740  -0.0010149186
   7   0.0108398790   0.0108579397   84173.716   83507.321  -0.0008103477
   8   0.0133607615   0.0108486071   81252.400   85842.116  -0.0004010954
   9   0.0157905506   0.0108383484   77546.609   88420.726   0.0001226539
  10   0.0192764451   0.0108239974   74094.387   91616.563   0.0001015777
  11   0.0226019330   0.0108094295   71379.773   94164.825   0.0024260792
  12   0.0258046713   0.0107995498   69530.628   96120.931   0.0108470263
  13   0.0289214203   0.0108334599   68772.922   98157.551   0.0145037396
  14   0.0309650494   0.0109098622   68433.365  100278.764  -0.0075335009
  15   0.0329883948   0.0109708244   68209.897  101939.864  -0.0088033234
  16   0.0339935383   0.0109833646   67929.982  102508.403  -0.0041806000
  17   0.0349947436   0.0109836670   67474.612  102852.042  -0.0034105427
  18   0.0359904444   0.0109748449   66918.078  103015.750  -0.0032286358
  19   0.0369799416   0.0109579358   66015.468  103031.964  -0.0030466136
  20   0.0389420914   0.0109075573   64738.900  102612.310  -0.0030597280
  21   0.0408802686   0.0108425663   63451.571  101833.032  -0.0015179017
  22   0.0427961733   0.0107687567   62199.837  100817.900   0.0001724313
  23   0.0446917538   0.0106927155   60373.223   99592.664   0.0014223997
  24   0.0493630625   0.0105157665   58229.465   96697.388   0.0035315798
  25   0.0539587102   0.0103706811   56738.174   94182.590   0.0039000812
  26   0.0585067843   0.0102664973   55787.719   92298.062   0.0031946071
  27   0.0630273911   0.0101987468   55221.141   91031.907   0.0022378111
  28   0.0675330724   0.0101579280   54900.842   90247.577   0.0014132771
  29   0.0720310305   0.0101348150   54727.694   89792.459   0.0008289214
  30   0.0765251499   0.0101224105   54637.948   89542.940   0.0004639867
  31   0.0810174307   0.0101161174   54593.917   89414.160   0.0002609731
  32   0.0855088755   0.0101132396   54575.206   89354.743   0.0001692861
  33   0.0900000000   0.0101124167   54572.651   89338.309  -0.0001605046
# stent oversizing 15%
   1   0.0000000000   0.0113896680  104234.203   82311.721  -0.0002780716
   2   0.0014873428   0.0113893900  103854.204   82430.702  -0.0004364379
   3   0.0029703572   0.0113885458  103194.041   82736.287  -0.0005278706
   4   0.0044448425   0.0113871624  102306.332   83208.639  -0.0007986327
   5   0.0059072839   0.0113851562  100078.712   83973.701  -0.0007165675
   6   0.0087802948   0.0113799401   97072.981   85755.086  -0.0011005006
   7   0.0115696159   0.0113730681   93721.019   87973.507  -0.0009175759
   8   0.0142632705   0.0113647116   90307.186   90427.577  -0.0005342438
   9   0.0168584607   0.0113555192   85949.003   93177.098  -0.0006340928
  10   0.0205764974   0.0113407378   81918.898   96632.914   0.0012790347
  11   0.0241169402   0.0113262818   78828.991   99469.102   0.0162172046
  12   0.0275209546   0.0113723008   76732.847  103227.974   0.0189803009
  13   0.0308058397   0.0115426873   75786.978  109410.368  -0.0217901998
  14   0.0329376626   0.0116043322   74641.806  112418.143  -0.0168269748
  15   0.0350325853   0.0115837976   73114.326  113517.635  -0.0108600618
  16   0.0360605098   0.0115480587   71817.778  113481.487  -0.0046009311
  17   0.0370762188   0.0114984422   70370.665  113077.497  -0.0037007593
  18   0.0380788274   0.0114396081   68856.410  112409.540  -0.0028259399
  19   0.0390683748   0.0113736878   66686.171  111444.838  -0.0025135194
  20   0.0410141512   0.0112302357   63833.607  109116.625  -0.0014801718
  21   0.0429170220   0.0110804418   61207.713  106432.060   0.0003495638
  22   0.0447834986   0.0109319630   58854.681  103638.702   0.0031770936
  23   0.0466198881   0.0107935445   55845.938  100704.308   0.0043461788
  24   0.0511189436   0.0105027530   52397.070   94813.059   0.0076202230
  25   0.0555238999   0.0102877402   50180.100   90328.723   0.0065144409
  26   0.0598758355   0.0101465889   48850.540   87296.308   0.0046774728
  27   0.0641997235   0.0100611379   48090.530   85410.417   0.0029751266
  28   0.0685092318   0.0100125952   47673.646   84312.463   0.0017429545
  29   0.0728115557   0.0099863592   47453.168   83706.302   0.0009647604
  30   0.0771103714   0.0099727555   47340.593   83386.432   0.0005175918
  31   0.0814075172   0.0099660113   47285.749   83225.701   0.0002828244
  32   0.0857039041   0.0099629681   47262.165   83152.662   0.0001802805
  33   0.0900000000   0.0099621030   47257.897   83132.371  -0.0001700692
# stent oversizing 20%
   1   0.0000000000   0.0119025974  116488.469   85800.648  -0.0002478971
   2   0.0016043130   0.0119023496  116058.917   85925.816  -0.0004141502
   3   0.0032039308   0.0119015973  115316.443   86250.513  -0.0005265237
   4   0.0047942854   0.0119003592  114316.207   86755.390  -0.0007845204
   5   0.0063715109   0.0118985557  111790.467   87566.002  -0.0007302534
   6   0.0094694010   0.0118938769  108393.013   89479.383  -0.0011183502
   7   0.0124756055   0.0118876544  104587.192   91877.013  -0.0009556482
   8   0.0153763742   0.0118800294  100685.991   94549.381  -0.0005307814
   9   0.0181678229   0.0118717511   95634.837   97571.447  -0.0010996911
  10   0.0221587416   0.0118573985   90927.434  101403.026   0.0011100976
  11   0.0259482725   0.0118404799   87501.634  104543.892   0.0247029760
  12   0.0295863604   0.0119133210   85767.912  109192.276   0.0292288947
  13   0.0330944737   0.0121822822   84456.878  117547.011  -0.0395381955
  14   0.0353614261   0.0122701446   81927.851  121900.326  -0.0276719125
  15   0.0375611024   0.0122181419   78950.482  123389.222  -0.0179636522
  16   0.0386247569   0.0121511234   76607.056  123114.051  -0.0077044376
  17   0.0396667145   0.0120623541   74049.310  122251.073  -0.0060784212
  18   0.0406860462   0.0119597153   71430.467  120982.890  -0.0043640700
  19   0.0416832826   0.0118470739   67741.952  119152.769  -0.0041445431
  20   0.0436228979   0.0116069364   63061.972  115119.186  -0.0021266177
  21   0.0454936578   0.0113615576   58889.626  110607.971   0.0007899591
  22   0.0473081937   0.0111227935   55255.715  106021.833   0.0053877958
  23   0.0490783072   0.0109038196   50787.926  101227.827   0.0071061267
  24   0.0533747299   0.0104530123   45855.079   92053.880   0.0124354970
  25   0.0575454360   0.0101289882   42819.487   85340.834   0.0102484519
  26   0.0616506079   0.0099225977   41063.271   80979.854   0.0071008333
  27   0.0657231150   0.0098012260   40089.135   78369.890   0.0043612279
  28   0.0697795377   0.0097340978   39567.840   76901.385   0.0024741787
  29   0.0738281226   0.0096986432   39297.366   76113.422   0.0013320719
  30   0.0778729272   0.0096805923   39161.127   75706.873   0.0006987667
  31   0.0819159363   0.0096717582   39095.302   75505.966   0.0003752716
  32   0.0859581262   0.0096678024   39067.051   75415.695   0.0002360396
  33   0.0900000000   0.0096666818   39061.712   75390.831  -0.0002207772
# stent oversizing 25%
   1   0.0000000000   0.0124131480  132469.178   89944.447  -0.0002206082
   2   0.0017346659   0.0124129275  131981.651   90076.188  -0.0003942922
   3   0.0034642858   0.0124122581  131144.005   90421.156  -0.0005234197
   4   0.0051839422   0.0124111528  130013.125   90960.736  -0.0007763461
   5   0.0068894137   0.0124095328  127132.290   91820.439  -0.0007513137
   6   0.0102391709   0.0124053017  123274.514   93873.426  -0.0010723841
   7   0.0134893593   0.0123997107  118929.679   96460.107  -0.0006485671
   8   0.0166243573   0.0123937615  114393.784   99391.498  -0.0028724587
   9   0.0196377110   0.0123833921  108605.872  102616.266   0.0005503017
  10   0.0239439628   0.0123557531  103282.503  106424.596   0.0479738959
  11   0.0280339456   0.0124957082  100102.652  114025.086   0.0644128395
  12   0.0318819747   0.0130538719   98809.828  131416.699  -0.0601465293
  13   0.0355668285   0.0133873680   98063.909  144561.012  -0.0663830457
  14   0.0379514085   0.0133502485   93566.848  147079.770  -0.0302658872
  15   0.0402440192   0.0131488140   88271.767  145423.998  -0.0217558702
  16   0.0413402866   0.0130064363   84410.685  143339.660  -0.0095597619
  17   0.0424060004   0.0128420675   80328.116  140572.693  -0.0080355293
  18   0.0434403954   0.0126648304   76226.968  137381.244  -0.0059104708
  19   0.0444443400   0.0124790788   70633.195  133531.953  -0.0055255669
  20   0.0463758533   0.0120986074   63512.913  125737.466  -0.0028483731
  21   0.0482124006   0.0117225703   57289.869  117751.318   0.0009732990
  22   0.0499716113   0.0113640112   51972.723  110064.891   0.0073476494
  23   0.0516708405   0.0110386592   45709.902  102397.203   0.0101725542
  24   0.0557485845   0.0103746832   38860.605   88163.101   0.0182658347
  25   0.0596671916   0.0099015922   34777.205   78145.154   0.0153567465
  26   0.0635095981   0.0096023302   32464.768   71813.013   0.0106853202
  27   0.0673166959   0.0094281536   31203.028   68112.381   0.0065202637
  28   0.0711073050   0.0093331371   30537.844   66076.141   0.0036486786
  29   0.0748901618   0.0092837273   30197.525   65005.754   0.0019310893
  30   0.0786693680   0.0092589552   30028.133   64463.389   0.0009945316
  31   0.0824468635   0.0092469943   29946.865   64199.303   0.0005237596
  32   0.0862235819   0.0092416923   29911.705   64081.751   0.0003223057
  33   0.0900000000   0.0092401983   29903.831   64049.047  -0.0002962887
